-47,37
27,-14
-75,-25
-70,53
-17,-84
-40,-68
6,48
4,-25
-77,50
27,-122
71,-79
-17,37
62,101
29,-76
-142,42
97,58
36,48
110,-3
-121,101
25,-74
11,-9
30,4
24,-70
48,58
-40,-55
-13,48
105,40
50,104
-93,55
25,47
66,48
38,-14
-17,50
98,0
103,115
15,2
106,120
-58,-126
99,117
66,-60
10,8
84,-6
15,123
-45,-157
54,51
-13,61
-62,-124
91,118
-43,-111
110,131
58,-59
-107,133
94,123
-85,-108
-66,-95
61,-54
-110,64
-50,115
24,64
-91,77
-87,-33
40,8
73,-44
72,-40
77,75
-6,77
-58,-113
-39,129
33,5
79,121
65,-43
-37,-54
49,-51
21,-113
40,-100
31,80
-71,69
-112,31
-85,134
-91,90
32,-99
-92,131
-20,-30
-120,32
40,21
26,86
-21,11
58,75
70,129
-99,91
61,80
-36,147
-88,-43
-97,-92
-56,-91
-111,-27
-32,37
21,-100
-48,29
39,-83
-104,134
-46,-154
74,140
-41,-76
-88,78
-14,27
-47,-150
-102,-86
44,-32
-111,94
-51,145
109,134
-20,-17
21,21
-34,85
-120,45
-153,97
-76,88
-35,89
56,-22
-44,40
83,81
-118,91
-5,-32
27,-80
-42,86
-56,-78
30,-75
-84,89
-72,-86
-54,-32
20,-83
6,-18
-90,45
111,35
9,24
28,37
-60,-76
-19,-75
-93,-24
-14,40
27,41
-28,105
-56,43
90,97
-70,-121
-72,35
76,-67
81,48
-100,-27
-114,38
-16,115
92,-86
37,-22
-63,40
23,43
-77,105
36,-18
-93,97
55,-5
96,33
-33,148
13,35
25,89
-84,102
-26,43
-54,-19
-13,-18
-142,97
-10,-13
64,-64
14,115
-93,-11
22,-61
-107,54
-28,118
38,-80
-17,-16
-72,48
-86,113
103,49
-133,38
87,41
20,51
-87,-112
59,-21
4,43
22,60
-71,-131
-25,-15
-80,49
25,102
99,51
57,54
84,-72
-40,121
-82,124
78,113
-10,0
-107,67
94,57
-47,118
66,-5
-89,121
-36,-53
24,-2
29,113
-64,-115
103,62
115,116
-92,52
-18,1
15,-51
87,54
-15,6
59,-8
100,-7
-24,-43
-38,59
58,-4
-71,-118
108,113
75,-64
-6,11
-39,63
66,116
-94,127
52,-48
-3,16
-36,68
38,54
-91,132
-18,-107
-73,-43
-32,-42
119,127
-115,-40
12,1
86,-50
-98,129
-57,-99
-11,17
47,-42
112,124
-50,62
-23,-101
-73,78
-106,130
73,132
21,-58
-29,121
86,71
-43,-43
66,129
107,130
0,4
-55,68
-141,28
-110,132
-23,20
-78,84
68,138
21,63
67,-50
-131,-35
77,143
-145,30
-11,30
42,-107
33,73
-78,-24
26,33
-81,-93
-131,86
37,-101
-63,-39
-44,-26
28,79
0,17
-41,-21
19,30
-69,-83
-23,33
-78,97
-37,135
16,-39
-51,-29
-120,100
-34,140
81,90
-7,-23
-54,-98
-145,43
-44,95
-77,-82
-27,35
102,-80
-124,102
-83,140
-111,41
-12,20
81,-18
-21,-29
39,-15
-16,49
70,89
-49,-128
-63,-26
-118,38
97,-74
69,93
88,143
41,31
27,-133
90,-77
2,39
35,-13
-53,103
76,-12
29,-87
-7,-10
34,28
20,93
97,47
-96,-82
27,-12
11,-20
-70,55
-17,-82
-72,-18
-59,-79
-40,-66
6,50
4,-23
23,-10
-93,44
-47,-69
71,-77
-53,116
-50,-138
-100,41
15,-9
-40,55
-95,119
-73,-122
-13,-71
64,112
55,63
22,-114
94,-9
27,1
118,119
-91,-55
24,-68
29,47
-26,111
-59,-66
-147,50
-15,-60
-82,-50
-98,-58
108,47
-25,-68
-22,-63
-3,-50
57,1
98,2
15,4
-114,119
106,122
-87,-44
-101,58
45,-117
-24,12
75,-9
80,69
33,-6
65,-54
10,10
15,125
54,53
-87,77
-34,-60
-43,120
-62,-122
91,120
3,7
77,-44
-11,72
94,125
80,-39
66,63
-22,-50
-91,79
-50,117
84,117
-4,4
-18,69
54,-55
95,-54
89,131
-99,80
-39,131
33,7
19,72
63,115
-78,139
-78,-90
49,-49
-87,90
21,-111
40,-98
-43,133
-104,123
-85,136
-63,-105
-44,-92
61,-39
46,67
13,-110
-42,-46
32,-97
49,72
-51,-95
35,-92
-20,-28
-120,34
40,23
-48,139
26,88
67,126
-48,-90
-21,13
53,-38
-118,80
61,82
14,-30
-141,96
32,24
63,128
82,141
-106,90
-53,-84
-48,31
53,83
-21,-95
-95,-81
-104,136
-63,-92
-132,37
-27,90
88,77
74,142
0,-36
-41,-74
-42,-33
44,-30
-111,96
49,85
16,-92
-84,-30
-139,34
-81,-25
-21,26
23,32
-77,94
-118,93
-5,-30
27,-78
-28,-14
32,37
-130,-25
-144,40
16,29
-84,91
76,43
-72,-84
20,-81
-68,35
-82,-129
-96,-27
-65,40
-79,-87
-19,-73
-88,93
-47,94
-28,107
44,-17
-56,45
30,48
104,34
38,-91
-70,-119
-81,-12
-114,40
-35,104
18,-70
23,45
-93,99
96,35
-52,-129
-89,-11
-84,104
76,56
-26,45
-13,-16
6,-3
-49,61
-82,113
92,37
-129,38
-65,53
64,-62
-38,-73
-19,-60
-107,56
-28,120
85,-3
-72,50
-86,115
103,51
-133,40
106,56
-87,-110
18,-57
4,45
78,-6
31,-118
-38,48
-19,61
22,62
96,48
-80,51
99,53
57,56
98,57
-50,-70
24,-121
-31,-57
84,-70
54,-13
87,-65
-82,126
78,115
-10,2
-57,-110
-66,70
66,-3
107,-1
52,62
29,115
-64,-113
-92,54
-29,110
-62,-67
58,-2
-71,-116
-113,116
-39,65
-94,129
66,118
52,-46
-3,18
38,56
-36,70
-91,134
-92,-54
-18,-105
40,65
100,116
67,-61
-115,-38
-98,131
-57,-97
-104,57
-112,-33
89,-43
-44,-158
47,-40
52,75
112,126
-50,64
82,-46
-106,132
73,134
12,-105
-112,88
89,78
42,3
47,81
-46,-110
-127,-35
0,6
74,-45
-141,30
46,-107
-23,22
68,140
21,65
-62,67
26,-86
67,-48
77,145
-16,-83
9,-53
-77,-93
42,-105
80,150
47,-27
33,75
-41,89
41,-101
-14,-37
5,-24
-9,78
51,92
7,22
26,35
-81,-91
-2,-27
-1,-27
-16,38
-131,88
-63,-37
28,81
-41,-19
-88,135
-23,35
-78,99
-67,-35
-7,-21
-35,146
-123,33
-44,97
9,-40
74,89
-28,41
32,92
-53,-16
81,-16
20,-26
-35,38
-109,89
-16,51
36,-82
113,138
27,-131
-75,87
16,-24
90,-75
2,41
76,-10
-53,105
29,-85
-26,-21
-7,-8
20,95
-142,33
97,49
50,-26
55,52
-52,-74
-33,-24
-47,41
85,-69
-17,-80
-86,49
-40,-64
-96,41
64,-7
50,95
25,38
85,52
38,-23
84,93
-4,-20
-95,121
91,-12
-19,116
-8,-18
-108,44
-91,-53
24,-66
84,-15
-92,-12
73,55
106,3
-101,-61
17,-69
66,52
-22,-61
-3,-48
79,-9
24,55
15,6
-114,121
73,-53
64,127
-24,14
-11,-47
-80,119
80,71
-8,-5
47,-106
-105,62
10,12
-119,127
-87,79
-43,122
31,71
-62,-120
-52,73
77,-42
-11,74
94,127
80,-37
-37,58
-18,71
109,112
-67,-114
-48,-101
12,-50
-90,-98
-58,-109
-27,-42
-64,76
10,25
82,130
-78,-88
49,-47
-87,92
-76,-42
-104,125
-63,-103
-44,-90
-46,66
-99,-26
83,-49
74,131
5,31
-42,-44
32,-95
109,125
-32,149
35,-90
-120,36
40,25
26,90
67,128
-1,28
-2,28
39,29
58,79
-90,-85
89,146
-118,82
-141,98
46,-39
32,26
-56,-87
-84,80
-48,33
-81,85
53,85
-40,-143
-90,36
-16,-15
-30,87
-104,138
-118,-26
-77,-25
28,28
60,-20
25,-41
-42,-31
13,-95
-84,-28
-139,36
-53,39
-54,80
20,29
-123,-20
-49,-71
23,34
-77,96
-118,95
69,-79
-19,37
-74,-128
27,-76
-75,-87
-12,-31
-53,-69
20,-79
-109,36
-123,101
64,-73
-93,-20
-19,-71
96,-84
-47,-133
-61,-68
44,-15
-56,47
71,88
-130,98
38,-89
2,-12
-86,104
29,91
-114,42
-96,96
91,-78
36,-14
-52,-127
27,-63
-89,-9
-3,-6
62,160
-26,47
-13,-14
-142,101
97,117
-10,-9
64,-60
91,43
-38,-71
66,-14
43,2
84,40
-86,117
-45,-111
-73,56
18,-55
4,47
64,61
17,-14
-38,50
3,51
-93,114
91,-65
66,107
85,120
-50,-68
24,-119
-31,-55
-32,-51
-101,115
-82,128
-10,4
-98,120
91,56
94,61
-58,-67
33,51
-22,115
-105,117
-64,-111
-119,-47
-73,69
-87,134
73,123
-20,-105
-87,-95
-29,112
22,77
-85,-49
-66,-36
61,5
-113,118
-36,72
-91,136
51,-40
12,5
86,-46
17,120
-90,-43
75,61
-25,123
-44,-156
-99,-92
-39,-41
88,0
19,-100
46,3
63,-57
-32,83
-84,-107
81,-40
67,62
-21,-51
-16,27
70,67
-112,90
42,5
-58,67
-44,-35
-27,134
14,-94
0,8
74,-43
-141,32
-36,85
79,72
-69,-92
-23,24
-62,69
9,-51
-77,-91
-44,-143
-74,-86
-14,-35
-124,93
-42,132
-12,11
-81,-89
-95,-24
-76,26
-16,40
-63,-35
-46,134
-132,94
-79,-43
0,21
41,22
-74,35
-47,-91
-102,-27
13,-40
35,-22
-20,42
81,94
-26,-32
-7,-19
-35,148
-109,-30
-44,99
9,-38
-65,-24
-41,104
-33,-35
-130,32
-56,-19
-111,45
-144,97
-12,24
-26,89
-109,91
-35,40
50,84
69,97
36,-80
-19,-16
-74,48
-33,86
-121,-27
-135,38
27,-129
16,-22
57,-21
2,43
117,30
-40,46
-73,-131
23,102
97,51
50,-24
55,54
-52,-72
-47,43
-8,-29
-61,-121
85,-67
76,113
48,51
-59,-75
-54,40
18,-121
-82,-59
-96,43
64,-5
105,33
17,-80
110,111
77,-66
27,113
-75,102
66,41
99,-11
-31,108
43,57
-86,-57
-133,97
-59,46
-95,123
-73,-118
106,113
73,-64
18,0
78,51
64,116
-98,54
-38,105
36,54
8,-8
-80,108
94,-5
-108,46
-103,124
-91,-51
24,-64
10,1
-37,-74
-18,-61
18,121
105,46
110,124
94,116
-22,-59
-4,-5
82,-2
45,116
-48,-112
-57,68
72,-47
-30,-58
61,60
-39,122
79,114
-103,137
65,-50
73,70
21,-120
31,73
-85,-102
61,-48
88,55
-83,-56
-37,60
-92,124
-18,73
109,114
-51,-104
21,1
-67,-112
86,130
53,-47
-2,17
-1,17
56,-42
19,76
-69,-37
-64,78
49,-45
-32,30
7,-42
53,74
-21,-104
39,-90
83,-47
65,84
-42,-42
32,-93
49,76
-51,138
68,89
109,127
-120,38
26,92
-26,-98
86,143
-35,82
39,31
-90,-83
-49,-82
89,148
-5,-39
14,-26
-141,100
-14,-88
-69,-24
32,28
-130,-34
71,-44
-70,-20
-53,-80
-81,87
53,87
-114,-90
-90,38
-104,140
-77,-23
-132,41
-60,-83
41,-31
44,-26
-56,36
16,-88
-139,38
-53,41
76,-74
81,41
-54,82
-95,44
-123,-18
4,23
23,36
-77,98
-65,-77
-60,38
-93,90
-33,141
60,103
13,28
-42,92
99,31
-86,-15
-26,36
-81,100
-54,-26
-123,103
37,92
78,93
-96,-23
64,-71
55,109
-33,33
27,47
-61,-66
-89,101
-72,41
29,93
103,42
48,106
-100,-21
106,47
64,50
17,-25
-38,39
96,39
-52,-125
-3,-4
-103,58
-50,-79
24,-130
73,-9
6,1
-29,-20
97,119
64,-58
17,96
-71,-17
8,47
52,53
-36,-60
24,-9
84,42
82,-68
-73,58
1,7
87,47
73,112
-62,-76
-52,117
-6,4
-94,120
82,53
-18,115
-82,130
-43,58
17,109
91,58
-57,-106
89,-52
75,50
-39,-52
-105,119
98,-47
-64,-109
63,-68
-97,-57
-18,7
-20,-103
-87,-93
-29,114
45,63
-113,120
-36,74
65,126
-124,-39
46,-116
63,53
100,120
-117,122
86,-44
70,-52
-11,23
-25,125
42,-114
88,2
74,67
19,-98
-83,120
-9,69
51,83
-106,136
-84,-105
95,126
-20,-90
114,139
26,26
86,77
-2,-36
-1,-36
-16,29
70,69
-44,-33
-58,69
-46,123
47,85
14,-92
19,23
-36,87
-88,-103
-69,-90
13,-51
51,-25
16,-46
-7,-30
34,8
67,-44
-145,36
-63,75
9,-49
14,29
93,93
41,-97
-14,-33
-69,31
5,-20
-124,95
-42,134
-83,133
51,96
-53,-25
-67,77
-81,-87
-16,42
-132,96
102,34
-60,-28
0,23
-121,-38
-97,90
-89,-86
2,32
62,83
29,-94
-26,-30
-7,-17
-95,99
-35,150
-54,-92
-123,37
23,91
-44,101
83,142
9,-36
41,-84
44,-79
-130,34
30,-14
-72,-25
29,27
-40,-73
6,43
17,-91
36,-78
-121,-25
-17,32
117,32
62,96
29,-81
-73,-129
-142,37
78,40
23,104
50,-22
-52,-70
-8,-27
11,-14
-89,48
85,-65
-103,113
24,-75
84,-24
-147,43
18,110
18,-119
4,-17
45,-16
-82,-57
100,-80
50,99
17,-78
3,-13
-93,50
22,0
-107,115
-94,54
-75,104
24,46
57,-6
43,59
-31,110
-133,99
106,115
-98,56
-24,5
-38,107
36,56
91,-8
77,57
94,-3
-103,126
57,115
98,116
-91,-49
-105,53
65,-61
10,3
-45,67
-37,-72
-92,-8
87,-6
-43,113
86,-2
91,113
-71,51
58,-64
-107,128
94,118
80,-46
52,-108
79,-5
10,-105
-37,49
87,115
-34,54
40,3
-48,-110
12,-59
77,70
-39,124
79,116
46,-61
65,-48
68,-43
21,-118
67,-1
-76,-51
58,-51
-104,116
61,-46
5,22
-83,-54
-92,126
-51,-102
-34,67
-67,-110
-57,83
70,124
-30,-43
14,-37
88,-51
-69,-35
46,-48
82,134
-56,-96
-111,-32
90,-42
53,76
72,89
-35,-37
-118,-35
9,6
-14,22
-47,-155
44,-37
32,-91
-111,89
49,78
68,91
16,-99
109,129
35,-86
26,94
-76,83
-35,84
70,137
-109,-94
-49,-80
-77,87
-5,-37
-141,102
-14,-86
27,-85
32,30
-144,33
-70,-18
-84,84
48,-26
53,89
-35,-24
-123,92
-49,41
74,148
41,-29
-88,86
27,36
-47,-142
13,-91
-84,-24
-53,43
76,-72
-40,-18
-54,84
-68,-80
59,-39
-49,-67
18,-77
23,38
97,-13
-65,-75
-79,27
-5,-24
-93,92
-19,41
69,-75
-102,43
13,30
-61,44
-144,46
-81,102
-40,103
87,-85
-68,41
64,-69
69,46
-19,-67
22,-66
-108,90
99,-75
-103,-61
29,95
103,44
-133,33
-59,-18
15,-69
-114,46
106,49
4,38
64,52
31,-125
17,-23
91,-74
-52,-123
-25,-20
-121,43
99,46
-116,121
-3,-2
-103,60
-50,-77
43,-115
87,-72
-142,105
73,-7
78,108
31,-4
64,-56
17,98
66,-10
-50,44
-45,122
-64,-120
82,-66
-15,1
-24,-48
-71,-123
-85,-58
-3,11
-36,63
79,50
-91,127
-50,-64
93,-52
10,-50
-18,117
54,-7
-62,47
-43,60
17,111
-76,-117
70,-63
89,-50
75,52
-66,76
-25,114
94,65
80,130
47,-47
-83,109
-97,-55
63,-66
-78,-42
-106,125
21,-63
-20,-101
-29,116
12,117
-2,-47
-85,-45
-44,-44
107,125
-55,63
-36,76
-124,-37
46,-114
63,55
49,-109
-32,-34
21,58
86,-42
77,138
-104,63
-11,25
-132,-36
-41,82
41,-108
-9,71
-84,-103
-20,-88
-120,-26
114,141
26,28
67,66
86,79
72,144
-16,31
47,87
14,-90
-41,-26
-55,76
74,-39
-97,79
16,-44
-70,-84
-120,95
92,-49
-49,-25
83,131
9,-47
-77,-87
-5,18
-93,-95
41,-95
-69,33
51,98
-111,36
-84,139
-72,-36
-67,79
-81,-85
-16,44
37,-93
-132,98
-33,77
41,26
-121,-36
13,-36
-28,-74
44,31
90,-82
2,34
62,85
-7,-15
-40,37
-136,100
-54,-90
-13,-89
-68,-25
37,28
-79,82
-33,-31
30,-12
90,39
-72,-23
-31,-22
-12,28
-86,42
-59,-84
-40,-71
78,150
-101,-81
17,-89
-38,-25
-93,39
36,-76
22,-11
-74,52
-121,-23
-17,34
-95,114
-142,39
18,-9
78,42
23,106
64,107
-98,45
-79,95
36,45
-52,-68
-80,99
85,-63
-103,115
-86,55
29,42
-18,-70
15,-122
73,48
106,-4
-29,37
100,-78
-24,115
17,-76
-25,-73
-66,-111
66,45
-17,47
-31,112
43,61
-18,51
101,2
-114,114
73,-60
-115,118
91,-6
-8,-12
47,-113
57,117
-9,-8
10,5
15,120
73,61
-43,115
91,115
-52,66
-85,118
94,120
-44,-110
-85,-111
80,-44
19,-54
65,62
-23,-51
-37,51
-48,-108
72,-43
-30,-54
-39,126
-46,-62
80,77
47,-100
33,2
19,67
-69,-46
46,-59
-64,69
65,-46
63,110
49,-54
-20,75
95,62
21,-116
-34,-52
7,-51
40,-103
67,0
-43,128
-118,-46
19,-41
5,24
-83,-52
-92,128
16,-110
-84,-48
-51,-100
35,-97
-34,69
-32,142
-48,134
26,83
-81,-43
-21,8
70,126
56,-38
61,77
60,81
-56,-94
49,-41
-12,-51
-53,-89
7,-38
-21,-100
-35,-35
39,-86
56,83
-118,-33
-132,32
-60,-92
-19,-91
-14,24
-47,-153
-139,29
-53,32
26,96
-21,21
20,22
-54,73
-49,-78
23,27
-77,89
-5,-35
-41,42
-141,104
-88,-33
27,-83
-42,83
30,-78
16,24
-84,86
35,37
-53,-76
-86,-24
-100,78
48,-24
81,153
53,91
-35,-22
-68,30
-49,43
-123,94
56,96
-65,35
-79,137
55,100
74,150
-19,-78
8,25
41,-27
-130,91
-56,40
90,94
76,159
-72,32
2,-19
-53,45
76,-70
103,33
-59,-29
-114,35
-54,86
-82,-13
-96,89
23,40
-77,102
83,91
97,-11
91,-85
-93,94
55,-8
-6,-18
-61,46
-102,45
99,35
-135,97
38,25
-50,-88
48,-11
87,-83
-142,94
-82,108
64,-67
-126,38
22,-64
-47,102
27,51
94,41
-94,-10
38,-83
103,46
4,40
64,54
31,-123
-24,-59
91,-72
77,-7
-52,-121
-6,-5
33,-77
-103,62
24,103
98,52
-50,-75
24,-126
84,-75
-40,118
101,57
-32,-58
87,-70
-82,121
78,110
-29,-16
31,-2
-107,64
80,119
66,-8
-50,46
63,-77
82,-64
-18,-1
-18,-2
73,116
-87,-102
-29,105
-43,-59
61,-1
19,1
-36,65
-110,116
10,-48
-37,106
54,-5
-62,49
26,-104
-104,52
70,-61
80,132
52,70
-83,111
-45,137
-51,63
-106,127
21,-61
-120,-37
72,133
-2,-45
0,1
65,130
82,70
49,-107
-20,22
21,60
-85,78
-44,-150
-41,84
41,-106
46,9
32,74
44,-101
-84,-101
-12,4
-20,-86
39,-31
-16,33
-63,-42
23,-39
-44,-29
-132,87
47,89
-41,-24
-74,28
74,-37
13,-47
-97,81
-56,82
-53,87
-21,76
-35,141
-44,92
-77,-85
50,-44
-5,20
14,33
41,-93
-14,-29
51,100
-84,141
35,92
-84,-88
-12,17
-100,-96
39,-18
-49,-131
-132,100
-79,-37
-74,41
27,93
-75,82
30,98
-108,-95
-17,23
2,36
62,87
15,-25
-40,39
-68,-23
37,30
-96,-85
-79,84
-75,-26
11,-23
90,41
-17,-85
-31,-20
-59,-82
-40,-69
4,-26
45,-25
-43,-138
-93,41
-52,42
36,-74
25,33
85,47
-17,36
-4,-25
-59,39
101,-9
87,93
20,103
-142,41
-121,100
94,-12
-80,-128
66,155
-8,-23
11,-10
-103,117
-50,-20
24,-71
-91,-58
15,109
-92,-17
-147,47
-29,39
45,-12
52,112
-22,-66
-3,-53
43,63
-50,-128
-51,-124
106,119
-87,-47
-15,58
45,109
-24,9
94,1
-94,-50
-83,45
65,-57
10,7
68,-52
67,-11
-43,117
91,117
-11,69
94,122
-85,-109
-23,-49
-37,53
-18,66
-48,-106
-2,10
72,-41
77,74
-39,128
-46,-60
-58,-114
33,4
19,69
79,120
65,-44
-56,-105
49,-52
54,63
-20,77
95,64
7,-49
-44,134
-63,-108
116,123
-118,-44
19,-39
-69,77
46,64
60,-38
-102,-100
-84,-46
-34,71
-120,31
26,85
-81,-41
-35,75
39,24
70,128
-49,-89
-99,90
14,-33
-88,-44
27,-94
-28,-30
104,126
-111,-28
-53,-87
81,142
-95,-84
39,-84
-49,32
-104,133
74,139
-19,-89
-74,-25
-88,77
-14,26
46,77
-28,91
-47,-151
-153,96
48,86
-54,75
-35,88
-68,-89
-123,-25
-137,40
23,29
-77,91
83,80
-5,-33
-19,32
27,-81
-42,85
30,-76
-144,37
-84,88
-72,-87
-86,-22
-54,-33
20,-84
-13,-32
6,-19
-49,45
-123,96
111,34
-10,-27
-79,139
55,102
-93,-25
41,-25
-28,104
-80,-86
-75,29
11,32
-89,94
-130,93
76,161
2,-17
76,-68
-45,-129
-59,-27
-101,-24
18,-73
4,29
-68,-76
23,42
91,-83
-93,96
55,-6
94,-78
-6,-16
-89,-14
38,27
-105,-22
-129,35
45,-78
64,-65
-71,-24
22,-62
-107,53
85,-6
-17,-17
-73,51
87,40
59,-22
-29,94
3,46
33,-75
-22,-11
-103,64
24,105
24,-124
10,-59
73,-3
-82,123
-29,-14
86,-64
31,0
-85,54
-66,67
94,56
-55,-67
63,-75
-92,51
54,105
73,118
21,-72
-15,5
100,-8
45,56
42,-13
75,-65
-39,62
66,115
-36,67
-91,131
-23,6
51,-45
-20,11
58,116
-57,-100
-90,-48
-104,54
70,-59
75,56
-27,8
-23,-102
95,119
114,132
81,-45
72,135
-2,-43
70,62
-49,-155
28,65
88,116
107,129
-141,27
-110,131
13,-58
-23,19
-78,83
104,60
68,137
-111,-94
21,62
34,1
67,-51
37,6
-63,68
70,-46
-16,-86
-145,29
-41,86
74,73
-33,-53
41,-104
-9,75
32,76
-75,-50
-84,-99
-12,6
62,-45
7,19
-67,70
-81,-94
72,148
47,91
-74,30
96,-47
-89,-93
62,76
-86,-88
81,89
-136,91
-35,143
97,33
-65,-29
50,-42
-60,86
14,35
-102,89
-75,-37
11,-34
-56,-24
-70,41
-84,143
-53,-19
-114,-29
64,-23
50,79
97,-75
69,92
41,30
27,-134
71,138
2,38
-53,102
29,-88
-114,92
20,92
-68,-21
23,97
-96,-83
22,-128
-47,38
27,-13
-61,-126
11,-21
-70,54
-17,-83
-31,-18
-73,-15
6,49
4,-24
-129,90
64,-10
50,92
-126,95
108,33
25,35
80,-66
-17,38
-50,-139
-4,-23
-45,-61
15,-10
-40,54
-87,-58
-101,44
-43,-15
77,50
110,-1
110,-2
22,-115
94,-10
-8,-21
33,-20
52,-7
24,-69
84,-18
-37,-79
-78,-117
-147,49
73,52
-43,106
105,41
-98,-59
3,-7
-99,-55
61,-66
66,49
52,114
-22,-64
79,-12
-31,116
98,1
-51,-122
100,47
-115,122
-24,11
-57,63
-11,-50
-39,117
80,68
-58,-125
28,-122
19,58
79,109
65,-55
10,9
-119,124
-18,-53
-106,63
54,52
-34,-61
-43,119
-62,-123
72,69
91,119
-85,122
-11,71
94,124
88,50
-91,78
-50,116
-23,-47
63,-7
49,58
-18,68
67,112
-2,12
-1,12
56,-47
-99,79
-58,117
-46,-58
14,-44
19,71
-36,135
-14,-106
-78,138
-20,79
-53,-98
21,-112
7,-47
53,69
20,-108
-85,135
23,-103
-46,63
-74,-36
-69,79
46,66
-102,-98
32,-98
49,71
-120,33
-48,138
26,87
-21,12
53,-39
-35,77
39,26
-123,-36
-49,-87
-99,92
-65,-95
50,-108
-141,95
-28,-28
63,127
30,-87
35,28
-12,-47
-114,-95
20,-95
-35,-31
-49,34
-132,36
74,141
-74,-23
-14,28
60,-23
-102,-85
44,-31
-111,95
16,-93
-84,-31
48,88
-100,-39
18,-84
-82,-22
-96,80
-77,93
83,82
-5,-31
-19,34
-33,136
60,98
27,-79
-28,-15
-75,-90
-144,39
-84,90
76,42
-72,-85
-86,-20
-54,-31
-13,-30
-68,34
-96,-28
-10,-25
-65,39
64,-76
-151,36
55,104
-19,-74
-47,93
-28,106
38,-92
-72,36
-31,37
98,-78
-59,-25
15,-76
-114,39
-101,-22
4,31
23,44
17,-30
-24,-68
22,48
55,-4
94,-76
-135,101
-89,-12
38,29
-103,53
-119,45
-40,109
-13,-17
-82,112
-129,37
-10,-12
-65,52
64,-63
91,40
-57,-124
-107,55
38,-79
-86,114
-133,39
-92,40
-73,53
1,2
87,42
-87,-111
-29,96
31,-119
3,48
22,61
-80,50
66,104
85,117
-3,4
-36,56
79,43
24,107
-50,-71
-83,-19
82,48
-32,-54
54,-14
-82,125
-62,40
12,-11
86,-62
31,2
70,-70
-11,5
-66,69
94,58
33,48
-36,-52
79,-65
-64,-114
115,117
-92,53
-106,118
-32,67
54,107
21,-70
-15,7
-62,-68
-21,-67
-39,64
-94,128
0,-8
-36,69
79,56
-91,133
-23,8
68,126
21,51
86,-49
58,118
77,131
-44,-159
-27,10
47,-41
74,62
-14,-51
-23,-100
-78,-36
-51,67
-106,131
-84,-110
62,-56
86,72
72,137
-16,24
89,77
-46,118
88,118
-46,-111
0,5
-41,-33
-14,70
-110,133
-23,21
63,61
-78,85
104,62
16,-51
-20,26
21,64
81,78
-90,-33
37,8
-145,31
-5,11
14,24
-41,88
-93,-102
-14,-38
-75,-48
44,-97
-72,-43
-84,-97
62,-43
-81,-92
72,150
-63,-38
-77,27
28,80
-74,32
-88,134
113,124
13,-43
-116,35
44,24
2,27
81,91
-86,-86
-7,-22
-35,145
-54,-97
97,35
-65,-27
-77,-81
-93,-89
-107,-24
-102,91
-28,40
-12,21
43,-80
-100,-92
-59,-91
-13,25
20,-27
6,38
-49,102
92,78
64,-21
50,81
97,-73
-19,-19
-33,83
27,97
-75,86
-17,27
-53,104
76,-11
-4,-34
29,-86
20,94
-142,32
-82,46
23,99
64,100
97,48
50,-27
22,-126
-47,40
11,-19
-89,43
112,33
-50,-29
-18,-77
-73,-13
6,51
78,156
-15,-72
91,95
-71,33
3,-18
-126,97
38,-24
-17,40
24,41
-31,105
98,-10
-4,-21
82,-18
-117,38
-43,-13
36,51
33,-18
-108,43
-55,-131
-91,-54
24,-67
-64,49
-138,100
-37,-77
101,116
73,54
-22,-62
79,-10
24,54
98,3
-37,44
82,-5
-20,-53
40,-2
-115,124
45,113
-2,1
-11,-48
75,-8
-46,-69
80,70
47,-107
33,-5
79,111
10,11
63,103
-119,126
54,54
-87,78
67,-7
-43,121
72,71
-11,73
75,113
28,1
88,52
-69,68
60,-47
-42,-58
63,-5
-37,57
-32,135
95,-53
-81,-50
-21,1
-57,78
70,119
-30,-48
14,-42
-28,-39
-23,76
-78,140
-56,-101
49,-48
81,133
-7,20
39,-93
-104,124
56,76
9,1
-46,65
-102,-96
-42,-45
32,-96
49,73
16,-104
-84,-42
35,-91
26,89
53,-37
-109,130
111,133
-118,81
83,71
-65,-93
50,-106
-141,97
32,25
-70,-23
53,84
-49,36
-77,-26
-132,38
74,143
-19,-85
41,-34
-47,-147
44,-29
-111,97
106,31
4,20
-82,-20
23,33
69,149
-19,36
-33,138
-47,-26
27,-77
85,93
-84,92
103,-82
15,34
-81,97
-123,100
-82,101
-96,-26
64,-74
-52,-20
-107,44
85,-15
30,49
71,87
38,-90
-105,90
-31,39
98,-76
1,-9
-96,95
-117,-28
91,-79
36,-15
22,50
-22,-20
38,31
-103,55
-37,-143
-13,-15
86,-73
91,42
22,-58
-107,57
-58,-81
66,-15
-86,116
-133,41
-92,42
-73,55
1,4
-34,-17
3,50
-94,117
-36,58
-91,122
98,58
-83,-17
-69,-119
-32,-52
54,-12
-101,114
12,-9
-43,55
86,-60
-57,-109
-104,45
70,-68
-58,-68
28,-65
33,50
-83,104
21,-68
114,123
-48,61
67,48
-62,-66
-16,13
-85,-50
61,4
-113,117
-36,71
-91,135
65,123
63,50
51,-41
68,128
100,117
67,-60
-104,58
-44,-157
80,138
47,-39
-14,-49
46,2
-42,-111
-23,-98
-106,133
-84,-108
62,-54
81,-41
-109,64
-90,77
70,66
42,4
-44,-36
28,69
14,-95
0,7
74,-44
-141,31
-102,-41
-23,23
-37,125
21,66
-53,80
34,5
-49,-30
9,-52
50,-51
-77,-92
-93,-100
-74,-87
-14,-36
-42,131
51,93
-70,32
-72,-41
-81,-90
20,-38
39,-25
-90,90
-49,-138
-77,29
-132,93
28,82
97,-84
41,21
27,86
113,126
-61,-27
30,91
-72,80
2,29
62,80
-86,-84
-7,-20
-96,-92
-10,-89
-65,-25
-93,-87
-52,-86
43,-78
-133,-38
-128,40
-13,27
78,145
-101,-86
36,-81
57,-22
29,-84
-133,83
-40,45
31,-75
-52,-73
22,-124
-8,-30
-22,35
-89,45
29,37
-59,-76
-18,-75
-92,-24
-73,-11
-147,40
-15,-70
-129,94
50,96
91,97
-57,-67
-71,35
3,-16
66,40
38,-22
-31,107
43,56
-133,96
-59,45
-92,97
106,112
64,115
-117,40
-43,-11
-38,104
91,-11
-25,43
94,-6
-27,-67
33,-16
-55,-129
-91,-52
24,-65
-64,51
65,-64
-37,-75
-18,-62
-106,54
73,56
18,120
86,-5
-24,123
-85,113
47,3
88,41
24,56
-37,46
68,62
-20,-51
-15,64
-48,-113
-1,3
-57,67
-30,-59
61,59
-39,121
28,-118
79,113
-55,-116
63,105
82,118
49,-59
-20,70
-87,80
21,-121
-43,123
72,73
-35,-53
39,-104
-104,113
88,54
5,19
-23,-43
-37,59
104,-1
104,-2
109,113
-32,137
-84,-53
21,0
-67,-113
-81,-48
-90,132
-90,-97
-5,-53
14,-40
-69,-38
13,1
-28,-37
-97,129
49,-46
-53,-94
56,78
-77,-37
83,-48
5,32
-42,-43
-116,-29
49,75
-48,142
-54,68
-35,81
70,134
111,135
-118,83
69,138
-5,-40
-130,-35
-70,-21
-84,81
-86,-29
-81,86
-114,-91
-13,-39
-77,-24
-79,132
55,95
11,25
44,-27
30,38
38,-101
-53,40
29,79
76,-75
-54,81
20,30
-95,43
106,33
-68,-83
18,-80
23,35
-65,-78
17,-39
-19,38
-33,140
-135,92
85,95
-144,43
-59,87
-68,38
-123,102
-82,103
78,92
-29,-34
64,157
64,-72
-38,146
55,108
-47,97
-8,25
-61,-67
-149,49
71,89
-86,105
29,92
103,41
1,-7
-15,-15
-29,87
-115,47
64,49
-117,-26
17,-26
-24,-64
3,39
-52,103
22,52
91,-77
-6,-10
66,95
-108,-21
-3,-5
24,98
98,47
-50,-80
-32,-63
-117,95
86,-71
17,95
-57,-120
-71,-18
94,49
-58,-79
52,52
-36,-61
24,-10
-92,44
82,-69
-73,57
21,-79
-34,-15
-62,-77
3,52
-52,116
75,157
61,-7
-94,119
-46,-133
-36,60
-91,124
-83,-15
82,52
-32,-50
-48,-58
-62,44
12,-7
-43,57
-90,-55
-16,-106
28,-63
33,52
-83,106
63,160
51,69
-97,-58
21,-66
-20,-104
-48,63
-113,119
47,71
-36,73
65,125
46,-117
63,52
-30,9
-118,125
61,127
-60,66
88,1
74,66
-33,-60
46,4
-9,68
51,82
44,-106
-84,-106
95,125
114,138
-21,-50
-16,28
70,68
-44,-34
-46,122
14,-93
-141,33
-102,-39
13,-52
-56,77
68,143
-53,82
-86,-95
34,7
-35,136
-68,-41
92,-52
23,77
-44,87
-77,139
9,-50
-77,-90
-5,15
14,28
-93,-98
41,-98
-14,-34
-75,-44
44,-93
-70,34
-84,136
76,88
-12,12
-67,76
-95,-23
39,-23
-132,95
-38,-41
36,-92
41,23
-121,-39
-47,-90
-61,-25
-116,39
71,131
-89,-87
-72,82
2,31
62,82
-26,-31
15,-30
-114,85
-95,98
-35,149
23,90
97,39
-10,-87
-65,-23
-38,80
36,29
-93,-85
-52,-84
-107,-20
-72,-26
29,26
-26,90
-73,-22
-128,42
78,147
-101,-84
45,-30
-43,-143
69,98
36,-79
-19,-15
22,-14
-80,-25
-135,39
25,28
85,42
24,32
-4,-30
-40,47
-73,-130
-142,36
-82,50
64,104
-129,-25
-98,42
17,29
77,43
-71,-84
22,107
-52,-71
66,150
-8,-28
-22,37
52,-14
-50,-25
10,-11
18,109
45,-17
-10,47
31,48
64,-4
110,112
77,-65
75,91
19,-70
-110,45
43,58
-51,-129
73,-63
-62,-22
64,117
72,-59
77,56
-80,109
-27,-65
88,-78
33,-14
-103,125
10,2
-45,66
-37,-73
101,120
-18,-60
-43,112
86,-3
-24,125
94,117
5,8
79,-6
-37,48
-92,112
-18,61
26,67
-48,-111
-57,69
58,56
72,-46
70,110
-112,133
-30,-57
-39,123
-46,-65
14,-51
88,-65
79,115
46,-62
32,3
63,107
68,-44
21,110
95,59
53,62
20,-115
39,-102
9,-8
-46,56
104,0
21,2
95,-49
-67,-111
-100,-59
-81,-46
86,131
-35,70
70,123
-90,-95
-5,-51
14,-38
60,78
-28,-35
-97,131
104,121
-56,-97
30,-94
90,-43
-53,-92
48,-40
-95,-89
20,-102
-35,-38
9,5
83,-46
-14,21
-102,-92
13,-105
-111,88
90,78
48,81
-26,-97
-35,83
-49,-81
78,-40
69,140
-5,-38
118,32
30,-81
-70,-19
-144,32
-13,-37
110,33
55,97
22,-80
27,35
11,27
38,-99
-45,-134
-40,-19
1,-18
101,-80
18,-78
23,37
-77,99
-65,-76
-19,40
-74,104
94,-83
-105,-27
-86,-14
-119,38
-92,-88
87,143
87,-86
-68,40
59,81
-82,105
78,94
-29,-32
-98,97
64,-70
-52,-16
-66,49
94,38
-108,89
-91,-8
-45,108
29,94
103,43
-133,32
-59,-19
-147,97
106,48
64,51
-38,40
3,41
58,-23
22,54
77,-10
-52,105
-25,-21
-39,44
-22,-16
-103,59
24,100
-91,113
-50,-78
-83,-26
-138,38
82,41
-32,-61
54,-21
73,-8
-29,-19
-117,97
86,-69
31,-5
17,97
-71,-16
70,-77
-85,49
-11,-1
89,-64
-58,-77
-39,-64
-50,43
65,-7
-64,-121
82,-67
73,113
21,-77
-34,-13
-15,0
86,52
89,57
-44,-58
-94,121
-46,-131
-41,-53
-36,62
93,-53
65,114
-69,-115
-37,103
-18,116
68,119
40,57
-48,-56
-43,59
-76,-118
56,1
-11,11
61,116
47,-48
-78,-43
21,-64
-20,-102
7,1
67,52
72,130
-44,-45
-46,111
83,-4
-113,121
14,-104
46,114
65,127
13,-63
46,-115
-23,14
63,54
-120,81
81,71
37,1
-132,-37
-5,4
-83,121
32,71
25,-117
51,84
-84,-104
114,140
67,65
-16,30
70,70
-49,-147
-132,84
14,-91
-102,-37
13,-50
-56,79
-53,84
-86,-93
-26,-42
-95,87
-35,138
-68,-39
92,-50
-49,-26
23,79
83,130
-65,-34
-74,-83
8,-44
41,-96
25,-104
-75,-42
-56,-29
-84,138
76,90
-100,130
-59,-98
-101,-95
-65,87
50,74
-132,97
41,25
27,90
-121,-37
-61,-23
71,133
2,33
62,84
-26,-29
-114,87
-35,151
-123,38
-24,-20
-38,82
-79,81
-52,-82
-107,-18
30,-13
-31,-23
29,28
115,31
78,149
-101,-82
17,-90
36,-77
-93,38
22,-12
77,-76
94,93
-122,-20
-17,33
-133,87
77,45
22,109
-52,-69
-25,34
-80,98
80,50
-8,-26
33,-25
-22,39
52,-12
-122,101
-103,114
-50,-23
10,-9
-92,-20
73,47
18,111
100,-79
-24,114
-107,116
42,-84
-25,-74
-113,42
-99,-60
-94,55
-55,-17
-31,111
-23,-65
63,-25
82,-12
-51,-127
-87,-50
-48,-122
-62,-20
-2,-6
47,-114
98,117
65,-60
-45,68
-78,120
95,48
67,-14
-43,114
58,-63
-85,117
-44,-111
-60,-119
93,123
19,-55
60,-54
-23,-52
-37,50
49,53
-92,114
40,4
-15,68
26,69
-48,-109
72,-44
70,112
-39,125
-46,-63
14,-49
-55,117
19,66
79,117
46,-60
-9,4
-42,56
-97,120
123,123
49,-55
21,112
95,61
-21,115
20,-113
-104,117
9,-6
74,123
-74,-41
-41,-93
-14,10
5,23
104,2
-32,141
35,-98
-21,7
70,125
111,126
56,-39
-5,-49
14,-36
60,80
-88,-47
13,5
104,123
71,-54
90,-41
-12,-52
48,-38
20,-100
-35,-36
-132,31
-74,-28
-14,23
-28,88
-47,-154
-116,-25
71,67
-111,90
-103,-86
-12,69
-26,134
15,-94
-54,72
20,21
-35,85
-49,-79
78,-38
-137,37
-77,88
-65,-87
69,142
-5,-36
55,-22
27,-84
-84,85
48,-25
-73,-86
18,32
-49,42
-123,93
-29,-43
-65,34
55,99
-8,16
-61,-76
11,29
30,42
76,158
43,-19
-59,-30
-114,34
-40,-17
-54,85
-73,35
101,-78
-101,-27
18,-76
-82,-14
59,-38
-98,-22
36,-22
-19,42
-93,93
-61,45
25,85
99,34
-108,-30
-40,104
-92,-86
87,-84
-87,-8
-82,107
-29,-30
-129,32
22,-65
-66,51
-94,-11
-110,-19
-50,32
-45,110
-18,-16
-73,48
1,-3
-87,113
-34,-24
-134,38
-29,91
31,-124
-24,-60
58,-21
3,43
77,-8
-25,-19
-39,46
66,99
24,102
98,51
-83,-24
101,56
-32,-59
-48,-67
26,-118
31,-3
77,113
70,-75
-85,51
-11,0
-58,-75
80,118
93,57
-50,45
65,-5
82,-65
-34,-11
-15,2
67,41
70,46
75,161
-85,-57
-58,46
-27,113
107,113
-41,-51
74,-64
19,0
-36,64
-91,128
-97,54
-20,8
21,46
-32,-46
40,59
-62,48
-104,51
56,3
-99,129
80,131
47,-46
74,57
-83,110
51,73
-106,126
95,116
21,-62
12,118
-21,-59
-2,-46
-46,113
83,-2
107,126
0,0
46,116
65,129
63,56
-20,21
21,59
62,60
37,3
-63,65
83,119
9,-59
-132,-35
69,-45
41,-107
32,73
25,-115
-84,-102
62,-48
-81,132
-114,-45
39,-32
-16,32
23,-40
36,-101
-74,27
27,79
99,-45
-89,-96
-86,-91
-95,89
-35,140
-96,130
23,81
-65,-32
50,-45
-5,19
-60,83
14,32
-93,-94
-52,-93
-107,-29
8,-42
13,73
-84,140
-31,-34
-114,-32
-95,-19
-13,20
87,-42
78,138
-101,-93
-10,25
64,-26
69,89
-38,-37
-107,92
27,92
-25,-98
-121,-35
113,132
-22,-93
-17,22
2,35
84,74
-50,-155
-119,-26
15,-26
87,79
-13,-88
-68,-24
23,94
64,95
-38,84
-52,-80
11,-24
-31,-21
-86,43
-59,-83
-18,-82
6,46
78,151
45,-26
17,-88
-38,-24
22,-10
-94,44
80,-69
85,46
71,148
-36,-15
-64,-77
-59,38
101,-10
-101,41
100,31
-43,-18
77,47
-85,-15
-25,36
80,52
-27,-74
-8,-24
33,-23
-122,103
38,92
-103,116
-105,43
-45,57
-92,-18
-18,-69
-147,46
73,49
-29,38
26,-63
-43,103
100,-77
-71,41
-85,106
89,-7
107,47
52,111
-55,-15
63,-23
-37,39
68,55
-32,117
-51,-125
-15,57
-115,119
-76,47
-2,-4
88,-74
98,119
-83,44
10,6
63,98
95,50
-120,125
67,-12
-43,116
-35,-60
70,-7
-85,119
-11,68
83,-68
28,-4
74,112
-60,-117
60,-52
-42,-63
-23,-50
-37,52
63,-10
16,-122
-48,-107
39,10
72,-42
-46,-61
14,-47
19,68
-69,-45
13,-6
46,-58
63,111
-75,-119
49,-53
95,63
7,-50
48,-49
39,-98
-63,-109
-46,60
-79,-117
-19,-103
46,63
-102,-101
-116,-36
49,68
-48,135
-100,-55
-81,-42
-35,74
39,23
70,127
14,-34
-74,82
60,82
-107,-95
104,125
71,-52
-12,-50
-53,-88
-95,-85
-13,-46
-49,31
96,126
-19,-90
-88,76
27,26
-28,90
-47,-152
71,69
29,72
48,85
-45,-143
20,23
-35,87
-68,-90
59,-49
-82,-25
18,-87
23,28
-77,90
-96,77
-137,39
-19,31
-6,-30
25,74
27,-82
-3,-25
30,-77
-144,36
-50,-100
-86,-23
15,29
-73,-84
-13,-33
6,-20
-123,95
-24,37
-79,138
55,101
-52,-25
8,26
-80,-87
-89,93
-91,-17
76,160
43,-17
103,34
-45,-130
-59,-28
-101,-25
-96,90
-117,-33
91,-84
-93,95
94,-79
-6,-17
-61,47
-94,99
33,-89
38,26
24,91
84,142
-105,-23
-92,-84
-82,109
12,-27
45,-79
89,-73
87,39
-39,48
-46,-140
66,101
33,-76
-22,-12
-55,40
-36,53
24,104
98,53
-83,-22
-69,-124
101,58
-51,-70
-48,-65
12,-14
-98,114
77,115
-57,-114
70,-73
-85,53
-11,2
80,120
-55,-68
19,-119
51,62
49,-11
-92,50
54,104
67,43
72,121
58,-6
-30,110
42,-14
28,51
0,-11
19,2
-36,66
46,105
93,-49
-69,-111
-97,56
51,-46
-37,107
95,-3
40,61
-76,115
58,115
-104,53
70,-60
102,121
88,-6
-83,112
44,-113
-106,128
95,118
-12,-8
7,5
-48,69
72,134
20,-56
70,61
-49,-156
47,77
88,115
0,2
-33,54
44,8
-23,18
21,61
-53,75
62,62
37,5
-63,67
-60,72
41,-105
32,75
-75,-51
-17,-110
-53,-33
62,-46
-81,134
-59,-107
-114,-43
6,22
-79,-49
36,-99
-33,67
-74,29
96,-48
27,81
-89,-94
-103,-29
57,-40
-53,88
62,75
-81,26
20,78
-35,142
-68,-35
-96,132
-65,-30
50,-43
8,-40
-28,37
11,-35
-84,142
87,-40
-101,-91
45,-37
-43,-150
69,91
17,-99
-52,30
-107,94
-75,83
-149,97
71,137
-22,-91
-108,-94
-17,24
-105,140
2,37
-119,-24
1,41
87,81
-13,-86
-43,-29
-24,-16
-126,-27
75,-37
11,-22
52,-21
-31,-19
-119,97
115,35
-18,-80
-73,-16
-147,35
-87,49
91,92
17,-86
3,-21
-52,43
-126,94
-113,33
24,38
-83,-88
-4,-24
-59,40
-45,-62
-92,92
-15,46
100,33
64,110
-43,-16
77,49
-104,-26
94,-11
66,156
-36,108
-50,-19
-9,-18
-138,97
-147,48
-29,40
100,-75
-43,105
-85,108
42,-80
-99,-56
-113,46
52,113
5,1
-50,102
65,52
63,-21
-115,121
-21,-15
-76,49
-1,-1
-2,-1
-2,-2
72,-53
-27,-59
88,-72
19,57
-55,-121
-83,46
-9,-5
63,100
-56,-117
35,1
68,-51
21,103
-120,127
67,-10
53,55
-43,118
-85,121
-44,122
-63,-120
9,-15
-79,-128
-60,-115
-124,129
-42,-61
-23,-48
16,-120
26,73
67,111
97,-47
-58,116
-99,78
-46,-59
14,-45
19,70
27,-106
-28,-42
-75,-117
71,-63
16,1
-70,-39
90,-50
-20,78
95,65
81,130
48,-47
-95,-96
20,-109
92,-4
-96,-55
23,-104
9,-1
-77,-42
-60,-102
-93,-50
-74,-37
-69,78
46,65
-102,-99
-12,60
-54,63
39,25
-49,141
-49,-88
78,-47
50,-109
-74,84
-107,-93
-28,-29
25,63
-116,87
104,127
81,143
-81,81
-40,82
-114,-96
-95,-83
-13,-44
-49,33
78,74
-5,76
-19,-88
-121,130
27,28
66,-44
71,71
-12,73
48,87
-40,-26
-68,-88
59,-47
-82,-23
18,-85
-96,79
-77,92
-137,41
-33,135
-66,-79
44,89
-144,38
-50,-98
84,131
-86,-21
-4,18
-92,-95
-13,-31
-68,33
-10,-26
-98,90
64,-77
-71,-36
55,103
94,31
-8,20
-149,44
11,33
-89,95
-36,-79
38,-93
76,162
43,-15
-45,101
-45,-128
-59,-26
1,-12
73,93
-101,-23
-71,85
-112,47
91,-82
22,47
94,-77
-39,37
-94,101
33,-87
-22,-23
82,34
101,47
-82,111
12,-25
-129,36
-57,-125
-11,-9
-39,-71
-50,36
65,-14
-37,-25
-92,39
-73,52
1,1
54,93
-15,-7
-29,95
89,50
42,-25
-39,50
-94,114
-46,-138
-41,-60
33,-74
19,-9
-36,55
79,42
24,106
65,107
-83,-20
82,47
68,112
-51,-68
54,-15
-67,-76
-57,117
-104,42
70,-71
-16,-111
-11,4
-99,120
-146,45
33,47
-23,115
49,-9
54,106
21,-71
-48,58
67,45
72,123
-16,10
-30,112
102,2
47,66
0,-9
60,5
-23,7
104,48
16,-65
58,117
-27,9
74,61
-42,115
25,-124
-51,66
-12,-6
62,-57
114,133
81,-44
-7,72
72,136
-16,23
-49,-154
88,117
-88,120
-14,69
-28,134
44,10
104,61
-53,77
62,64
-68,-46
37,7
-63,69
-44,82
-5,10
-41,87
-33,-52
-74,-90
41,-103
-42,128
-75,-49
44,-98
117,121
43,-94
62,-44
-81,136
-59,-105
-68,75
6,24
105,3
17,-110
36,-97
-74,31
-88,133
-47,134
27,83
113,123
-80,-43
96,-46
71,126
-89,-92
-103,-27
-86,-87
-35,144
23,85
97,34
-24,-27
50,-41
91,-40
-107,-25
8,-38
-102,90
11,-33
30,-20
57,83
43,-81
-18,-91
-73,-27
-13,24
64,-22
50,80
-52,32
-8,75
71,139
-108,-92
-122,-27
-91,40
-105,142
-114,93
-40,42
17,24
-24,-14
22,102
-126,-25
-85,-24
-140,40
22,-127
112,32
-119,99
-18,-78
-73,-14
-15,-73
91,94
-43,-135
3,-19
-52,45
-126,96
-113,35
80,-65
-55,-24
19,-75
98,-11
-64,-73
-4,-22
-45,-60
82,-19
-133,93
-134,97
-15,48
-48,-129
-62,-27
-43,-14
-1,-13
72,-64
-104,-24
-99,54
28,-134
88,-83
33,-19
19,46
-55,-132
46,-80
-138,99
-64,48
63,89
-78,113
-37,-78
-125,38
101,115
73,53
-43,107
-60,-126
52,115
5,3
79,-11
-23,-59
-37,43
40,-3
81,-2
-115,123
34,-77
-21,-13
-1,0
-2,0
61,56
47,-108
63,102
-56,-115
-106,64
-120,129
72,70
20,-120
56,62
-44,124
23,-115
9,-13
83,-64
88,51
74,116
-74,-48
-69,67
46,54
49,59
-32,134
67,113
-109,116
-90,129
56,-46
42,56
14,-43
27,-104
-28,-40
71,-61
-20,80
-26,6
-7,19
-96,-53
23,-102
-93,-48
-47,68
-102,-97
30,22
16,124
-35,78
92,119
-49,143
111,132
59,-58
18,-96
78,-45
-123,-35
-65,-94
50,-107
-19,22
-74,86
-17,68
-70,-24
-86,-32
-114,-94
-13,-42
-49,35
-82,87
78,76
45,-101
-10,-37
-19,-86
22,-85
-80,-96
76,151
-86,89
15,-88
-54,78
106,30
18,-83
4,19
-82,-21
-96,81
-43,-93
69,148
-33,137
-80,25
85,92
-22,-34
-89,-24
84,133
-119,33
-59,84
101,36
54,-39
-13,-29
-82,100
-10,-24
64,-75
36,92
22,-72
94,33
-31,38
43,-13
-86,102
98,-77
-59,-24
-73,41
-101,-21
-62,-93
-117,-29
-57,-15
22,49
-113,90
-39,39
-22,-21
-103,54
24,95
82,36
101,49
-51,-79
-43,41
91,41
-57,-123
-71,-21
-30,-20
61,98
-58,-82
80,111
-27,-15
-39,-69
-55,-77
65,-12
-45,116
-42,-138
-92,41
-73,54
-32,55
54,95
68,-7
-87,119
86,47
-150,36
3,49
89,52
-58,39
47,55
88,93
-46,-136
-41,-58
-55,44
-36,57
24,108
65,109
-83,-18
-97,47
68,114
-20,1
21,39
-32,-53
95,-12
-67,-74
-48,-61
86,-61
-76,106
-90,-58
-104,44
70,-69
56,-4
-11,6
-16,-109
-146,47
47,-53
33,49
74,50
46,-12
-23,117
49,-7
54,108
21,-69
62,-68
7,-4
114,122
67,47
-21,-66
72,125
-150,49
-16,12
70,52
56,117
0,-7
-14,58
46,109
63,49
95,1
-26,-60
-60,63
69,-52
41,-114
-84,120
-84,-109
-7,74
-88,122
-14,71
16,-50
57,-49
-70,-90
-53,79
-68,-44
-49,-31
37,9
23,74
-65,-39
14,25
-19,77
-93,-101
8,-49
16,71
-17,-106
-72,-42
117,123
-95,-26
20,-39
-68,77
87,-49
78,131
50,69
-47,136
27,85
-56,87
-72,79
-86,-85
-4,-46
-95,95
87,72
105,126
-65,-26
-24,-25
-38,77
-52,-87
-107,-23
-94,-84
11,-31
-3,34
43,-79
-73,-25
-128,39
-15,-84
50,82
-39,-27
-8,77
-122,-25
84,80
-133,82
-18,32
73,150
-43,-25
-140,42
-8,-31
112,34
-9,-27
-119,101
-78,-127
-18,-76
-73,-12
-15,-71
12,32
-129,93
91,96
-71,34
3,-17
75,88
-58,-27
47,-11
-94,50
52,104
19,-73
-110,42
98,-9
-83,-84
-32,110
-34,37
40,-14
-15,50
-117,39
-43,-12
-1,-11
42,32
-99,56
33,-17
-138,101
-64,50
63,91
-78,115
-37,-76
68,-60
-106,53
86,-6
-85,112
-46,40
83,-75
93,118
60,-59
-37,45
51,-108
-20,-52
7,51
-48,115
26,64
67,102
-1,2
-2,2
-16,67
28,-119
-36,125
-83,50
32,0
63,104
49,-60
35,5
21,107
34,46
72,72
20,-118
39,-105
37,51
56,64
23,-113
9,-11
-77,-51
28,2
-41,131
-60,-111
74,118
-74,-46
-14,5
-69,69
46,56
25,-67
104,-3
-100,-62
-35,67
111,121
14,-41
55,-40
-28,-38
-89,-48
71,-59
-95,-92
56,77
23,-100
13,121
85,-40
30,24
71,62
-109,131
-49,145
111,134
59,-56
18,-94
-77,83
83,72
-65,-92
-24,-91
85,81
30,-84
-70,-22
71,-46
-26,21
-40,86
-13,-40
-49,37
-38,132
-8,11
-149,35
11,24
30,37
-91,-24
76,153
-45,-137
-128,94
106,32
-98,-27
17,-40
69,150
22,38
-85,-88
-66,-75
-80,27
-135,91
-61,40
85,94
33,-96
-103,43
-31,148
-64,-29
-4,22
-59,86
59,78
-82,102
78,91
64,156
86,-85
-140,97
94,35
-113,-29
-149,48
-36,-75
-91,-11
-31,40
98,-75
-45,105
40,-80
-115,46
-131,38
3,38
-52,102
22,51
89,41
75,143
61,-21
-39,41
-113,92
66,94
-46,-147
-122,43
24,97
-4,35
-78,49
82,38
-125,-26
-51,-77
26,-123
12,-21
-117,94
86,-72
72,-7
-71,-19
-58,-80
52,51
19,103
-55,-75
-36,-62
65,-10
-45,118
-92,43
109,33
54,97
-87,121
-34,-16
81,-66
26,-2
-30,103
89,54
-63,-74
-39,54
47,57
88,95
-46,-134
0,-18
65,111
-83,-16
-42,-15
-69,-118
-34,105
95,-10
12,-8
53,-7
-90,-56
70,-67
-44,60
-77,-117
28,-64
14,1
74,52
-88,-10
-83,105
63,159
-97,-59
21,-67
-67,49
62,-66
67,49
-21,-64
-30,116
23,-58
-46,108
83,-7
-27,121
14,122
-41,-43
46,111
65,124
-23,11
-56,63
21,54
-53,68
62,55
29,-122
37,-1
37,-2
-118,124
-60,65
-42,119
71,-4
16,60
-84,122
-90,78
92,55
50,58
-46,121
-88,124
27,74
-102,-40
25,1
-61,-39
30,79
71,117
-17,4
16,-48
2,17
57,-47
15,-44
34,6
-35,135
-68,-42
18,-39
-49,-29
23,76
-77,138
96,66
-52,-98
8,-47
87,-47
-82,-85
-10,20
17,-106
36,-93
-47,138
30,92
-22,-98
71,130
-72,81
43,31
-4,-44
15,-31
-114,84
18,-26
-137,100
-10,-88
31,-87
-38,79
36,28
-52,-85
-107,-21
-121,81
11,-29
43,-77
-4,77
-133,-37
-73,-23
-128,41
18,95
-101,-85
78,146
-39,-25
52,93
-91,44
-83,-95
-50,-147
-45,-69
-133,84
-18,34
40,-25
-48,-138
-62,-36
17,28
-11,-71
-22,36
52,-15
-50,-26
65,-76
10,-12
-51,-22
-18,-74
-106,42
18,108
-15,-69
-129,95
-43,98
-30,37
75,90
-113,39
-27,42
52,106
-55,-20
65,45
82,-15
-51,-130
26,53
-115,114
-62,-23
-21,-22
-99,58
-39,109
47,112
28,-130
47,-117
33,-15
-9,-12
-64,52
63,93
86,-4
72,61
-85,114
-44,115
47,4
88,42
-88,45
-14,-6
5,7
-37,47
-48,117
26,66
86,117
-1,4
-2,4
-49,-108
83,48
28,-117
-42,53
32,2
63,106
71,-70
-20,71
21,109
95,58
34,48
53,61
-35,-52
39,-103
92,-11
-44,128
116,117
9,-9
-19,-108
-74,-44
-61,-105
49,63
48,67
-81,-47
70,122
111,123
69,126
-5,-52
14,-39
55,-38
60,77
-28,-36
25,56
-26,10
-13,-51
-77,-36
55,83
-61,-92
-116,-28
85,-38
30,26
43,-35
-86,80
48,80
-13,70
92,123
111,136
18,-92
-10,75
105,62
69,139
-19,26
-66,-86
-116,93
-89,-33
-3,-30
38,8
-144,31
-86,-28
15,24
-128,-25
-13,-38
45,-97
110,32
55,96
22,-81
-80,137
-94,-27
-149,37
11,26
38,-100
-91,-22
-45,-135
-73,32
106,34
-115,35
45,24
3,27
22,40
94,-84
-135,93
66,83
-103,45
98,35
-64,-27
-45,-14
-92,-89
-82,104
-29,-33
12,-32
-117,83
-98,96
64,158
-126,34
89,-78
-58,-91
-36,-73
-91,-9
98,-73
-45,107
-15,-14
58,-24
3,40
22,53
-104,-86
42,-32
80,-6
-46,-145
-41,-67
-22,-17
-55,35
-36,48
-91,112
24,99
65,100
-83,-27
82,40
-51,-75
-32,-62
54,-22
-67,-83
26,-121
86,-70
72,-5
89,-65
42,89
-99,113
61,102
-58,-78
80,115
93,54
79,156
-14,-72
-143,43
-51,46
21,-78
-34,-14
67,38
72,116
-30,105
-44,-59
-46,97
-46,-132
-60,-67
-36,61
60,-1
93,-54
65,113
-83,-14
104,41
49,105
-34,107
40,56
-48,-57
34,-18
-54,-131
-16,-105
-63,49
61,115
69,-61
60,119
-88,-8
-83,107
-42,108
25,-131
51,70
63,161
-106,123
-67,51
-48,64
20,-61
-109,54
-46,110
83,-5
-19,-53
0,-3
-88,113
14,-105
46,113
44,3
90,119
-53,70
48,-107
34,-5
-118,126
83,116
-5,3
-60,67
-33,-59
25,-118
-116,-94
71,-2
29,1
-100,116
-81,129
-59,-112
-68,68
-38,-53
96,-53
27,76
25,3
99,-48
-56,78
30,81
71,119
-103,-34
-53,83
-86,-94
-26,-43
-35,137
-68,-40
18,-37
92,-51
23,78
-65,-35
-5,16
-6,20
-103,87
57,76
-84,137
-17,-102
-100,129
87,-45
-101,-96
-29,9
-10,22
50,73
17,-104
-38,-40
36,-91
-61,-24
-108,130
-22,-96
-122,-34
-72,83
-105,135
84,71
-64,-93
-4,-42
-114,86
-40,35
1,36
-10,-86
-38,81
36,30
22,95
108,135
-52,-83
-107,-19
-140,33
-80,84
-113,-93
-39,-144
-31,-24
-119,92
-18,-85
-147,30
78,148
-101,-83
-43,87
-57,-77
22,-13
107,31
52,95
-122,-21
24,33
-83,-93
-133,86
-18,36
40,-23
-15,41
-98,43
17,30
72,-71
-131,95
77,44
-71,-83
-104,-31
22,108
-80,97
80,49
33,-26
-22,38
52,-13
-69,-74
-9,-23
82,95
-51,-20
-106,44
-62,87
86,-15
-24,113
-104,90
75,92
-99,-61
-27,44
47,-7
-23,-66
82,-13
68,52
-51,-128
-15,54
-115,116
-62,-21
-21,-20
-150,95
-2,-7
-1,-7
70,98
102,50
47,114
14,-63
47,-115
19,52
-42,42
63,95
-78,119
-56,-122
67,-15
56,55
-44,-112
-41,122
-60,-120
-33,-17
-88,47
60,-55
49,52
68,65
21,-10
26,68
-67,-123
-81,-58
-35,58
-90,122
70,111
-68,-119
-49,-106
56,-53
28,114
-46,-64
14,-50
-55,116
13,-9
-42,55
71,-68
21,111
95,60
-21,114
39,-101
37,55
92,-9
-46,57
-79,109
-93,-55
-74,-42
-47,61
13,112
25,-63
-61,-103
-116,-39
118,128
104,1
-70,77
-17,-60
62,4
48,69
-100,-58
-40,-44
111,125
18,-103
69,128
-5,-50
96,2
-28,-34
104,122
-17,61
48,-39
-128,-36
-13,-49
45,-108
-121,125
-28,87
66,-49
-116,-26
30,28
76,144
29,69
-26,133
48,82
-45,-146
15,-95
59,-52
78,-39
105,64
69,141
-93,79
22,29
-66,-84
-116,95
-4,13
87,131
-92,-100
18,31
-38,136
110,34
-71,-41
55,98
22,-79
-94,-25
11,28
-89,90
38,-98
-91,-20
76,157
98,-84
-45,96
1,-17
45,26
-117,-36
-112,42
3,29
22,42
94,-82
-6,-20
-22,-28
38,23
93,-78
-50,139
-92,-87
-106,-22
-87,-9
-48,-81
-29,-31
12,-30
-117,85
-129,31
-126,36
89,-76
-11,-14
-66,50
79,145
-50,31
-45,109
-97,-81
-147,98
-134,37
26,-11
-29,90
3,42
77,-9
42,-30
-39,45
-46,-143
-55,37
-91,114
24,101
32,-75
-23,-11
-32,-60
-67,-81
-48,-68
-76,99
72,-3
-85,50
89,-63
-99,115
61,104
80,117
28,-73
-146,40
47,-60
33,42
19,107
93,56
-14,-70
-143,45
-20,115
21,-76
-67,40
-34,-12
67,40
72,118
-16,5
42,-17
-58,45
-44,-57
-27,112
-46,-130
-41,-52
60,0
65,115
-69,-114
-97,53
-37,104
68,120
95,-6
40,58
-26,-67
39,62
-54,-129
56,2
14,5
74,56
-28,8
-42,110
25,-129
-23,123
-84,113
7,2
-81,118
72,131
20,-59
-46,112
83,-3
69,62
14,-103
-14,64
44,5
104,56
-111,131
-53,72
76,-43
-86,-105
83,118
-5,5
-60,69
69,-46
25,113
25,-116
-12,2
-59,-110
-114,-46
-68,70
6,19
92,59
-10,11
23,-41
-65,75
105,-2
27,78
-80,-48
-61,-35
-89,132
71,121
-89,-97
-103,-32
2,21
-86,-92
-4,-53
15,-40
-95,88
-35,139
-68,-38
59,3
-96,129
23,80
64,81
-52,-94
-107,-30
8,-43
-61,86
-94,-91
38,65
-103,89
57,78
76,91
-91,-86
-31,-35
-100,131
-128,32
-101,-94
-115,-29
45,-40
50,75
-107,91
-47,142
27,91
-25,-99
-149,94
71,134
-22,-94
112,135
-108,-97
-31,86
84,73
-105,-92
-50,-156
-119,-27
-4,-40
-15,30
-115,92
64,94
-129,-35
-43,-32
-38,83
-52,-81
-113,-91
-22,27
-119,94
115,32
-32,-18
12,25
-43,89
31,38
-76,-88
-57,-75
77,154
3,-24
77,-75
107,33
-55,-29
19,-80
24,35
-92,89
87,91
-20,-72
-134,92
-15,43
100,30
-62,-32
-43,-19
-131,97
77,46
42,25
-25,35
80,51
66,153
-27,-75
33,-24
-22,40
-122,102
10,-8
51,-7
63,84
-37,146
-92,-19
-125,33
95,36
-34,151
-148,49
72,52
89,-8
-46,33
-113,43
-27,46
-99,-59
52,110
-55,-16
5,-1
65,49
-23,-64
63,-24
-51,103
68,54
-32,116
-51,-126
-20,-59
67,95
-150,97
-76,46
37,-77
102,52
47,116
14,-61
-55,105
19,54
-28,-58
-56,-120
95,49
-54,-74
9,-18
83,-69
28,-5
14,60
-60,-118
-88,49
60,-53
49,54
90,55
-51,116
62,-7
39,9
-90,124
-68,-117
-49,-104
23,1
83,52
14,-48
55,-47
41,55
96,-9
-47,-58
13,-7
-42,57
44,60
-97,121
71,-66
16,-2
-86,-50
-100,52
48,-50
-21,116
6,-47
92,-7
-44,132
-79,111
14,73
-19,-104
-14,11
-47,63
13,114
-61,-101
85,-47
-70,79
-103,-98
-26,122
48,71
-40,-42
-35,73
59,-63
4,1
18,-101
69,130
-24,-98
-107,-96
-116,84
104,124
71,-53
62,127
103,128
48,-37
-40,79
-13,-47
-82,82
45,-106
-38,125
27,25
-8,4
29,71
-101,-39
59,-50
-82,-26
18,-88
78,-37
-137,38
69,143
22,31
-66,-82
25,73
-3,-26
-4,15
15,28
-92,-98
-87,-20
-29,-42
-24,36
77,88
-52,-26
-8,17
-55,-95
-110,-31
43,-18
54,77
-87,101
73,90
-101,-26
-115,39
31,93
-98,-21
17,-34
3,31
-94,98
33,-90
-36,39
24,90
-119,41
-92,-85
-51,-84
26,-130
12,-28
89,-74
-66,52
28,-84
-27,-20
-127,42
79,147
-50,33
-45,111
-42,-143
82,152
68,-12
-34,-23
26,-9
86,42
58,-20
88,88
-46,-141
-41,-63
-55,39
65,104
-69,-125
49,96
26,112
67,150
-48,-66
26,-117
53,-14
-76,101
-76,-128
70,-74
-85,52
-41,58
93,58
-74,-119
46,-17
32,48
35,53
67,42
-21,-71
20,-70
-109,45
-16,7
70,47
-63,-68
42,-15
-58,47
-46,101
47,63
0,-12
74,-63
-97,55
21,47
-26,-65
34,-14
39,64
-90,-50
92,-73
102,120
-28,10
25,-127
51,74
20,-57
92,48
-49,-157
-46,114
27,67
-47,-111
44,7
30,72
104,58
-111,133
16,-55
-53,74
62,61
37,4
-63,66
-5,7
69,-44
-17,-111
117,118
-31,-46
43,-97
-81,133
-59,-108
-114,-44
120,123
87,-54
-82,-92
105,0
17,-113
96,-49
27,80
-80,-46
-89,-95
-103,-30
43,24
15,-38
1,27
20,77
-95,90
-87,-86
-96,131
105,121
31,-94
22,86
108,126
-52,-92
8,-41
-66,-27
-94,-89
85,142
38,67
84,-46
-92,-43
-101,-92
-115,-27
45,-38
64,-25
91,78
-57,-86
-107,93
-47,144
-108,134
-149,96
-22,-92
112,137
79,-40
-105,139
-31,88
-119,-25
-4,-38
-18,27
73,145
-29,134
64,96
-43,-30
-24,-17
-126,-28
-85,-27
-140,37
80,40
52,-22
10,-19
-119,96
-18,-81
-73,-17
-87,48
26,-75
-43,91
-76,-86
77,156
3,-22
77,-73
-113,32
-55,-27
-91,50
24,37
-92,91
-18,40
-32,105
-20,-70
-34,32
-15,45
100,32
-43,-17
-1,-16
72,-67
77,48
-104,-27
47,105
-27,-73
0,30
-36,107
79,94
-9,-19
-97,97
63,86
-78,110
-37,148
-125,35
95,38
-43,104
-16,-59
89,-6
-46,35
-58,-19
-27,48
-146,97
19,-65
-69,51
5,0
63,-22
-37,40
-32,118
7,46
81,-5
67,97
-48,110
-21,-16
-76,48
-2,-3
-1,-3
-16,62
39,-2
39,-1
-90,113
83,41
28,105
14,-59
74,-8
60,57
32,-5
-56,-118
16,-13
95,51
-120,126
53,54
72,67
9,-16
74,113
-60,-116
-88,51
25,-72
-42,-62
90,57
-51,118
16,-121
62,-5
-48,123
-40,-53
20,-1
20,-2
70,115
69,119
14,-46
-47,-56
27,-107
25,49
-75,-118
71,-64
-70,-40
-100,54
48,-48
-7,16
20,-110
92,-5
37,59
-96,-56
55,76
-93,-51
-19,-102
8,1
-47,65
99,119
-116,-35
-103,-96
-26,124
-45,-155
15,-104
-54,62
-49,140
59,-61
18,-99
105,55
-74,83
-107,-94
25,62
-17,65
-59,68
-13,-45
78,73
-121,129
-6,79
71,70
24,-42
43,-29
29,73
-86,86
15,-91
-101,-37
18,-86
-82,-24
-96,78
-62,-109
3,20
-52,84
-66,-80
24,79
-31,143
-50,-99
-105,-35
-64,-34
84,130
-73,-83
-106,-31
-82,97
77,90
-71,-37
-58,-98
-149,43
-55,-93
-110,-29
-64,87
-37,-39
73,92
-57,-18
-71,84
-112,46
22,46
75,138
-25,-29
-113,87
-39,36
-94,100
66,89
33,-88
-22,-24
-110,92
-36,41
-122,38
-23,-20
-37,82
-51,-82
-120,47
12,-26
31,-13
-57,-126
89,-72
-11,-10
-143,36
49,-23
-92,38
54,92
21,-85
-48,44
88,90
-46,-139
-60,-74
-41,-61
19,-10
-36,54
-69,-123
-97,44
82,46
-84,-17
-67,-77
26,114
-48,-64
67,152
53,-12
-76,103
70,-72
-44,55
-99,119
-146,44
74,47
-74,-117
51,63
49,-10
-106,116
-48,57
67,44
53,109
-54,-17
-109,47
72,122
-95,-55
-30,111
28,52
47,65
14,117
0,-10
-88,106
60,4
-97,57
104,47
-53,63
-26,-63
-77,120
-79,47
-5,-4
25,-125
-84,117
-12,-7
29,-6
62,-58
-7,71
20,-55
92,50
-65,66
50,53
69,66
41,4
-14,68
27,69
-88,119
44,9
71,112
-53,76
62,63
-95,79
20,66
-54,117
59,-6
-96,120
-5,9
-38,61
-19,74
-52,-103
94,-49
11,-47
-91,-95
-17,-109
-31,-44
43,-95
117,120
15,72
-81,135
-59,-106
-114,-42
87,-52
18,77
105,2
17,-111
36,-98
-19,-34
27,82
-80,-44
71,125
-17,12
57,-39
-31,77
-103,-28
-119,-36
-4,-49
1,29
105,123
31,-92
-24,-28
91,-41
108,128
-126,-39
-107,-26
66,131
-94,-87
85,144
-110,-95
-31,-31
-18,-92
-73,-28
78,141
-115,-25
-43,-149
-98,-85
-52,31
-36,-25
-105,141
63,-46
-4,-36
-78,-22
-92,80
1,42
73,147
-48,-143
64,98
-43,-28
-24,-15
17,23
72,-78
-140,39
80,42
10,-17
-119,98
-18,-79
-147,36
26,-73
12,29
31,42
91,93
-16,-70
3,-20
-113,34
-27,37
-55,-25
19,-76
-97,-22
82,-20
-32,107
-20,-68
40,-17
100,34
-48,-130
-21,-27
-1,-14
70,91
-104,-25
-118,40
-99,53
-39,104
47,107
88,145
88,-84
-138,98
65,-68
63,88
-78,112
-125,37
-12,-86
-109,-19
42,-79
-46,37
-69,53
5,2
-23,-60
67,99
34,-78
-21,-14
-16,64
89,117
102,56
14,-57
60,59
-56,-116
71,-75
16,-11
-120,128
81,118
48,-59
-7,5
20,-121
37,48
56,61
-44,123
9,-14
-79,102
-41,128
-14,2
25,-70
118,121
-116,-46
71,46
16,110
-84,-57
-12,48
-26,113
20,0
-90,128
-82,-48
-96,54
-49,-100
-19,8
27,-105
-28,-41
104,115
71,-62
-70,-38
57,3
90,-49
-86,-46
81,131
-95,-95
-96,-54
-93,-49
-47,67
13,118
99,121
-116,-33
11,8
84,-2
-26,126
92,118
-49,142
111,131
59,-59
78,-46
-10,70
-74,85
-107,-92
8,-105
25,64
66,65
85,78
-17,67
84,119
-86,-33
-4,6
-45,-32
-59,70
-13,-43
73,-40
18,24
-82,86
-38,129
-121,131
-80,132
-6,81
66,-43
38,-105
76,150
-62,-107
-43,-94
3,22
22,35
-85,-91
-66,-78
61,-37
-80,24
85,91
33,-99
-3,-22
84,132
-64,-32
-45,-19
-59,83
15,32
101,35
-106,-29
-98,91
-30,-34
89,-83
94,32
-113,-32
-27,-29
-8,21
-94,-19
88,-42
-55,-91
79,138
-91,-14
-9,25
-37,-37
-87,105
40,-83
45,32
-62,-94
-112,48
-39,38
80,-11
-46,-150
33,-86
-110,94
-36,43
-50,145
24,94
93,-72
-152,97
82,35
68,100
101,48
-51,-80
-34,89
-67,-88
12,-24
-43,40
53,-23
-30,-21
-11,-8
61,97
93,49
-55,-78
79,151
46,-26
65,-13
51,52
-42,-139
-32,54
54,94
-87,118
-48,46
81,-69
-81,-131
-150,35
-35,-15
-90,49
-63,-77
83,-23
28,41
-27,105
47,54
-46,-137
74,157
-41,-59
-55,43
60,-7
65,108
-69,-121
-97,46
68,113
-70,-117
-84,-15
21,38
81,52
67,154
34,-23
-76,105
92,-82
37,-18
-63,44
56,-5
-44,57
-104,43
-146,46
74,49
-83,102
-42,103
-23,116
63,156
49,-8
-84,106
90,-7
67,46
-81,-118
72,124
-16,11
-49,63
-46,105
69,55
-27,118
14,119
-19,-58
14,-110
-14,57
104,49
2,1
29,-125
-26,-61
-54,106
20,55
-54,-123
-79,49
-60,62
69,-53
60,127
44,-110
71,-7
-84,119
76,71
43,-106
29,-4
-81,124
-7,73
-65,68
-88,121
27,71
-47,-107
25,-2
-56,73
-17,1
57,-50
-53,78
-68,-45
23,73
-19,76
-71,-114
-6,15
-3,20
117,122
-31,-42
43,-93
15,74
87,-50
-68,76
6,25
78,130
-82,-88
-115,-36
-10,17
50,68
17,-109
-47,135
27,84
71,127
-122,-39
-50,66
-105,130
-4,-47
15,-34
-73,82
1,31
87,71
-137,97
105,125
12,-103
-24,-26
-52,-88
-140,28
-66,-23
-94,-85
-110,-93
-18,-90
-73,-26
-128,38
18,92
-15,-85
-43,82
42,-103
80,152
-8,76
52,90
24,28
-105,143
-83,-98
-62,-39
-43,-26
-2,-25
-131,90
22,103
-85,-23
-140,41
-99,42
-55,85
-122,95
-119,100
51,-14
-78,101
82,90
-78,-128
-51,-25
12,31
-43,95
-11,47
75,87
-44,-130
-113,36
47,-12
-55,-23
19,-74
-83,144
-83,-85
68,47
-32,109
-20,-66
-34,36
40,-15
81,-14
26,50
-134,98
95,-79
-21,-25
-1,-12
-2,-12
-16,53
-112,116
-104,-23
42,31
102,45
47,109
-27,-69
93,-4
46,-79
32,-14
63,90
-78,114
-125,39
-7,-6
-44,112
-46,39
28,-12
83,-76
-143,106
5,4
67,101
-21,-12
20,-11
102,58
55,-54
-47,-65
27,-116
-97,114
-56,-114
16,-9
-72,-122
-12,-71
48,-57
34,45
-54,-68
20,-119
37,50
56,63
50,-11
-79,104
-74,-47
-14,4
118,123
-116,-44
-68,-111
18,-108
-82,-46
69,123
55,-41
96,-3
99,2
16,4
103,121
-86,-44
-100,58
106,126
45,-113
-93,-47
8,5
-47,69
66,-54
30,23
-70,85
-103,-92
-105,64
48,77
-13,67
-49,144
59,-57
4,7
78,-44
-19,23
77,-40
-66,-89
85,80
-31,134
84,121
-4,8
-13,-41
73,-38
78,77
45,-100
-38,131
-11,-32
-80,-95
-8,10
11,23
-91,-25
10,27
43,-25
-45,-138
-87,94
-62,-105
-43,-92
-57,-27
17,-41
-112,37
-85,-89
-66,-76
-80,26
93,-83
-50,134
-31,147
-83,-43
84,134
-64,-30
-59,85
-92,137
101,37
-106,-27
-87,-14
12,-35
58,81
-30,-32
-140,96
94,34
88,-40
93,38
46,-37
-91,-12
-45,104
54,83
40,-81
-148,97
-62,-92
-21,-91
-57,-14
-30,89
-118,-24
42,-35
-113,91
-39,40
88,81
-46,-148
-36,45
5,46
24,96
-138,34
-23,-16
-78,48
82,37
-125,-27
-51,-78
26,105
26,-124
-117,93
-76,94
70,148
-118,97
116,35
-27,-14
33,37
-74,-126
-55,-76
-88,-24
65,-11
-51,43
109,32
-12,-29
-67,35
-81,-129
72,113
-16,0
56,105
-63,-75
-58,40
83,-21
-27,107
47,56
-79,-83
88,94
-46,-135
41,-18
60,-5
65,110
44,-13
-70,-115
-84,-13
-34,104
95,-11
-67,-73
-26,-72
67,156
34,-21
-35,108
-90,-57
74,51
60,116
-102,54
63,158
-84,108
-67,48
-81,113
72,126
20,-64
83,-8
14,121
-14,59
-53,67
-86,-110
29,-123
-26,-59
20,57
-54,-121
23,62
36,1
-60,64
-93,116
25,108
-42,118
99,57
25,-121
71,-5
-84,121
76,73
43,-104
-81,126
-7,75
-59,-115
-123,129
-65,70
108,-1
108,-2
-47,124
27,73
71,116
-103,-37
57,-48
-119,-45
-68,-43
59,-2
59,-1
17,1
-38,65
91,-50
22,79
96,65
-52,-99
-3,22
24,-104
-59,-102
-73,-37
87,-48
-101,130
78,132
-115,-34
-112,-29
-47,137
71,129
-22,-99
-119,-32
-4,-45
15,-32
87,73
73,138
-106,-93
-115,87
45,76
64,89
31,-88
-24,-24
-126,-35
-140,30
-66,-21
-80,81
-39,82
-113,-96
-94,-83
-3,35
-124,-26
-4,76
82,79
-73,-24
-32,-23
-15,-83
77,149
42,-101
-39,-26
52,92
-55,-34
-36,-21
-83,-96
-97,-31
63,-42
21,-39
-15,38
45,89
-48,-139
-76,28
89,95
-44,-20
-99,44
-140,43
-41,-15
-55,87
65,152
-9,-26
10,-13
51,-12
-78,103
82,92
-119,102
-51,-23
-20,44
-34,146
26,-69
12,33
-148,44
-35,-79
-27,41
33,92
19,-72
-110,43
46,31
-83,146
65,44
-20,-64
-34,38
95,-77
-48,103
26,52
67,90
81,-12
-21,-23
-16,55
37,-82
-49,-122
42,33
-99,57
28,98
102,47
47,111
32,-12
63,92
21,95
-81,47
-7,-4
69,-9
93,119
-88,44
-14,-7
113,34
90,50
-48,116
26,65
20,-9
39,4
-16,68
-49,-109
83,47
69,112
14,-53
55,-52
96,-14
99,-9
-56,117
122,123
48,-55
34,47
20,-117
97,66
-41,132
-74,-45
8,-6
-47,58
13,109
118,125
-116,-42
-70,74
29,53
103,2
48,66
-100,-61
15,-111
-68,-109
18,-106
-82,-44
111,122
105,48
17,-65
-24,-103
-19,12
55,-39
25,55
-89,-47
-3,-44
-17,58
103,123
-86,-42
-26,9
-13,-52
-29,-60
45,-111
-79,119
-6,72
-108,61
11,12
85,-39
30,25
-3,77
-103,139
76,141
43,-36
-86,79
48,79
-45,-149
-13,69
18,-93
45,10
105,61
-66,-87
-3,-31
-17,71
-64,-41
-4,10
15,23
-87,-25
73,-36
-38,133
-80,136
-58,-105
-94,-28
-149,36
-45,93
-78,-84
-32,32
-62,-103
-117,-39
-112,39
22,39
75,131
-85,-87
-66,-74
-94,93
24,85
98,34
-31,149
-64,-28
-106,-25
40,29
-101,90
12,-33
-2,32
31,-20
33,26
93,40
-55,-87
79,142
-45,106
-51,32
54,85
40,-79
-48,37
26,-14
-21,-89
-76,-25
-30,91
75,144
-118,-22
42,-33
-39,42
-46,-146
-41,-68
-55,34
5,48
65,99
-83,-28
-42,-27
-78,50
82,39
-125,-25
-51,-76
26,-122
70,-79
28,-76
-60,40
-74,-124
-143,42
-51,45
35,48
-67,37
81,-65
67,37
-81,-127
-30,104
-63,-73
-44,-60
-46,96
14,110
88,96
74,161
0,-17
-33,35
-14,48
-47,-129
65,112
-42,-14
44,-11
-111,115
49,104
29,-134
-26,-70
34,-19
20,46
53,-6
39,59
-35,110
37,-14
102,115
60,118
-88,-9
-42,107
-12,-14
-81,115
-59,-126
97,121
83,-6
14,123
-47,113
90,118
-53,69
62,56
-86,-108
15,-56
106,62
83,115
-38,54
-93,118
-61,70
25,110
99,59
71,-3
24,-115
-31,-51
84,-64
29,0
-100,115
-40,129
-59,-113
-73,-48
-82,132
22,-40
27,75
-80,-51
25,2
-108,116
-89,129
30,80
71,118
90,131
-17,5
-72,69
-103,-35
-105,121
-86,134
98,-45
1,22
18,-38
-38,67
-19,80
-25,6
-6,19
-22,11
52,-40
-92,-48
-115,-32
-10,21
17,124
-98,-92
-57,-91
-108,129
-22,-97
19,-96
-122,-35
79,-45
-105,134
112,132
43,32
-64,-94
-4,-43
73,140
-106,-91
-15,27
-48,-150
22,94
108,134
-85,-32
75,-43
-113,-94
-36,89
46,-101
-45,40
-87,43
114,33
-48,-29
-62,73
12,22
-43,86
26,-80
77,151
-85,89
52,94
19,-83
5,-18
-91,45
-42,-93
-97,-29
-18,35
68,38
-20,-75
40,-24
-15,40
26,41
-21,-34
-76,30
-131,94
-104,-32
-118,33
-44,-18
-99,46
0,25
-9,-24
-64,40
-78,105
82,94
-51,-21
35,-18
-106,43
-34,148
26,-67
86,-16
-90,-13
-85,102
-44,103
-58,-24
-27,43
-143,97
-56,-15
68,51
62,-23
-100,-85
34,-85
-21,-21
-16,57
102,49
47,113
19,51
-28,-61
-42,41
63,94
-56,-123
62,98
-72,-131
-26,-15
72,62
56,54
-44,116
69,-7
-60,-121
-88,46
27,-4
60,-56
-61,-117
30,1
-48,118
-40,-58
-54,44
92,98
-49,-107
23,-1
23,-2
97,-53
28,113
69,114
-19,1
55,-50
-47,-61
-42,54
57,-4
-72,-118
48,-53
-7,11
34,49
-40,63
92,-10
37,54
50,-7
8,-4
-47,60
-80,-117
-61,-104
118,127
11,1
71,52
-70,76
-103,-101
48,68
-40,-45
-49,135
111,124
18,-104
105,50
69,127
-24,-101
-74,78
96,1
-107,130
-17,60
87,117
-13,-50
59,55
-29,-58
45,-109
17,58
-112,-93
66,-50
-108,63
-13,71
73,74
18,-91
58,-49
22,28
-66,-85
24,74
-31,138
-50,-104
-64,-39
-45,-26
-92,-101
-106,-36
54,-47
18,30
17,71
-11,-28
-58,-103
-94,-26
88,-49
79,131
-91,-21
-45,95
-78,-82
-32,34
21,-103
40,-90
45,25
-71,79
-94,95
66,84
-41,-79
19,-28
-110,87
-23,-25
-37,77
109,131
-125,-36
-51,-87
-106,-23
-120,42
12,-31
-117,84
-2,34
89,-77
33,28
-83,82
26,-12
-21,-87
-30,93
-104,-85
42,-31
-46,-144
-60,-79
-41,-66
-55,36
65,101
32,-76
-51,-74
-67,-82
-76,98
39,48
-99,114
61,103
14,-9
93,55
-88,-20
-14,-71
-74,-122
13,32
-143,44
-56,-68
35,50
-67,39
26,1
67,39
53,104
28,47
14,112
-33,37
41,-14
-88,101
-28,115
-111,117
49,106
-70,-111
2,-6
-26,-68
-35,112
39,61
-54,-130
-77,115
97,2
69,-60
-102,58
-28,7
-42,109
25,-130
-84,112
43,-113
-81,117
20,-60
6,5
-82,-108
-19,-52
-47,115
-75,53
2,7
-53,71
76,-44
103,59
-86,-106
29,-119
15,-54
20,61
-35,125
106,64
83,117
-24,-46
36,5
-71,-121
-61,72
25,112
-3,13
-17,115
-91,-100
-31,-49
-40,131
-59,-111
-18,-110
-13,5
-68,69
6,18
92,58
-82,134
-82,-95
105,-3
27,77
-80,-49
-61,-36
30,82
71,120
-17,7
-103,-33
-105,123
-86,136
1,24
-137,90
64,80
12,-110
-52,-95
-61,85
66,126
-94,-92
-22,13
-103,88
-91,-87
24,-100
10,-35
-29,10
45,-41
-10,23
86,-40
-117,126
-11,27
-107,90
52,83
-22,-95
19,-94
-122,-33
-105,136
84,72
-23,-91
-4,-41
-78,-27
-119,-28
87,77
73,142
40,-35
86,81
31,-84
-25,21
-80,85
-113,-92
-39,-143
-22,26
52,-25
10,-22
-78,94
114,35
-48,-27
-62,75
12,24
-43,88
31,37
-76,-89
-57,-76
-90,-24
-145,40
77,153
-127,94
52,96
93,97
-55,-30
-69,35
-83,-92
-97,-27
-20,-73
34,-96
-21,-32
-57,45
-16,46
72,-70
37,-91
-27,-76
-36,104
79,91
-88,-86
65,156
51,-8
-125,32
90,-80
-106,45
-139,97
95,35
-53,-129
-67,-27
-7,-13
-136,102
-104,91
-85,104
-44,105
-27,45
-42,-78
-130,38
-51,102
68,53
62,-21
26,56
-21,-19
-77,49
83,38
102,51
47,115
14,-62
60,54
-121,-21
13,-21
-42,43
-28,-59
-56,-121
-20,61
62,100
29,-77
-54,-75
-44,118
9,-19
-79,97
-33,-16
-88,48
27,-2
27,-1
25,-75
-61,-115
30,3
90,54
62,-8
48,57
15,-120
-40,-56
-35,59
39,8
-90,123
-68,-118
106,-1
-82,-53
-49,-105
23,0
69,116
-93,54
55,-48
-33,105
96,-10
25,46
71,-67
57,-2
57,-1
-72,-116
-86,-51
15,1
48,-51
-95,129
-114,116
92,-8
37,56
-96,-59
-79,110
-93,-54
-19,-105
8,-1
-47,62
13,113
-61,-102
-108,52
76,132
24,-58
-26,121
48,70
-40,-43
87,-2
-13,60
87,-1
18,-102
-43,-112
69,129
110,130
-52,68
-107,132
96,3
-107,-97
11,-105
-89,-43
38,-1
38,-2
103,127
-128,-35
-13,-48
59,57
-82,81
-115,-96
45,-107
17,60
-38,124
-6,76
66,-48
-89,78
76,145
29,70
40,-101
17,-48
58,-47
22,30
-66,-83
24,76
43,89
-83,-50
-92,130
101,30
-38,137
-71,-40
-11,-26
-66,38
-58,-101
-94,-24
-36,146
-55,-96
-110,-32
-124,33
-9,20
-45,97
-32,36
54,76
21,-101
31,92
-21,-98
-117,-35
-94,97
-46,-155
-41,-77
33,-91
19,-26
-110,89
93,-77
24,89
32,-87
-37,79
-106,-21
-20,-18
-120,44
26,98
12,-29
-76,87
-118,90
-11,-13
89,-75
-27,-21
33,30
19,95
49,-26
-53,-74
-48,41
26,-10
86,41
-16,-7
56,98
42,-29
28,36
-46,-142
-41,-64
-55,38
-88,90
-47,-138
32,-74
-23,-10
-67,-80
26,111
67,149
-21,36
-76,100
39,50
-16,114
92,-87
-63,39
83,93
-5,-20
-146,41
14,-7
-41,57
19,108
-143,46
-42,98
35,52
53,106
-54,-20
-16,6
83,-15
14,114
-93,-12
96,-76
-28,117
-102,-61
104,44
16,-69
48,112
-26,-66
39,63
92,-74
4,42
102,119
-28,9
-116,125
25,-128
57,53
84,-73
-40,120
-13,-6
20,-58
78,112
-107,66
44,6
-56,68
-53,73
15,-52
87,53
20,63
59,-9
18,-47
-24,-44
-19,71
96,58
108,112
-3,15
-91,-98
117,117
-31,-47
-59,-109
-18,-108
-73,-44
-68,71
-115,-41
-65,76
50,63
-80,-47
-89,133
71,122
112,123
-103,-31
-105,125
-64,-103
-45,-90
15,-39
1,26
73,131
59,4
22,85
-85,-41
-61,87
66,128
-94,-90
85,141
38,66
-103,90
82,72
-115,-28
45,-39
31,26
77,142
-85,80
-11,29
-8,71
-108,133
-149,95
-41,-143
112,136
-31,87
-78,-25
-18,26
1,39
73,144
-120,-22
-115,93
-43,-31
-131,85
89,88
-85,-28
-140,36
-127,-25
-41,-22
-69,-84
-119,95
-78,96
-37,134
-20,37
-32,-17
114,37
-48,-25
26,-76
-148,37
-43,90
-76,-87
-57,-74
-90,-22
77,155
42,-95
-44,-135
-113,31
-27,34
102,-81
-55,-28
-110,36
46,24
-111,40
-92,90
68,42
-20,-71
95,-84
-134,93
81,-19
67,83
-48,-133
-21,-30
-1,-17
-2,-17
-16,48
39,-16
70,88
-49,-129
-63,-27
-131,98
-44,-14
-46,142
28,91
93,-9
32,-19
-97,96
-37,147
-125,34
90,-78
35,-14
95,37
-67,-25
-7,-11
-90,-9
37,32
-16,-60
-46,34
-14,-14
25,-86
-42,-76
-72,-19
81,-6
67,96
-16,61
14,-60
60,56
27,-121
-28,-57
-56,-119
71,-78
16,-14
90,-65
2,51
62,102
53,53
37,45
9,-17
-88,50
-102,115
25,-73
11,-8
-17,-70
62,-6
-59,-67
-40,-54
-35,61
106,0
23,2
50,105
-65,-111
41,56
-47,-57
25,48
38,-13
-17,51
57,0
71,-65
62,115
-100,53
106,121
-96,-57
-79,112
22,-102
8,0
-47,64
-8,-8
66,-59
11,5
85,-46
-108,54
16,120
-91,-43
-26,123
15,124
-45,-156
-40,-41
87,0
92,115
-49,139
59,-62
18,-100
45,3
80,-40
66,62
-17,64
103,129
-59,67
-87,-32
73,-43
78,72
-115,-94
-38,126
77,76
-11,-37
-6,78
-58,-112
-8,5
33,6
24,-43
-37,-53
-78,-91
-87,89
-101,-38
-43,132
-117,-46
22,32
-25,-43
-66,-81
-91,91
24,78
-31,142
-83,-48
-64,-35
40,22
58,76
-71,-38
-66,40
-58,-99
80,94
-55,-94
-110,-30
-124,35
-37,-40
54,78
-87,102
73,91
21,-99
-34,-35
40,-86
-48,30
-115,40
-131,32
-57,-19
-71,83
-145,97
-63,-93
-39,35
-41,-75
-110,91
-36,40
-42,-34
-37,81
49,84
-51,146
68,97
-139,33
-20,-16
21,22
-34,86
-120,46
67,138
-48,-78
-136,38
-21,25
56,-21
-118,92
-146,30
-74,-131
79,148
-143,35
-83,86
-42,87
-56,-77
-53,-72
21,-86
-48,43
20,-82
9,25
88,89
-60,-75
-41,-62
-47,-136
-97,43
-56,44
104,33
16,-80
-70,-120
76,-66
81,49
-67,-78
26,113
-81,-13
67,151
-76,102
-68,-74
92,-85
-49,-61
-46,-19
-5,-18
-60,46
-146,43
-41,59
74,46
-74,-118
13,36
48,-7
-81,108
53,108
-54,-18
-109,46
6,-4
-49,60
23,-64
69,52
14,116
-88,105
-28,119
-72,49
-53,62
62,49
-26,-64
39,65
92,-72
4,44
78,-7
-5,-5
99,52
-116,127
25,-126
44,116
57,55
-31,-58
84,-71
-81,121
-7,70
-40,122
92,49
78,114
-10,1
69,65
27,68
66,-4
-89,122
-17,-1
29,114
103,63
-86,-102
15,-50
87,55
-54,116
59,-7
-24,-42
-38,60
96,60
108,114
-52,-104
-61,76
66,117
85,130
52,-47
-3,17
117,119
-31,-45
43,-96
15,71
-18,-106
-73,-42
87,-53
-115,-39
-57,-98
17,-112
-80,-45
52,74
-50,63
43,25
-119,-37
82,-47
-73,79
1,28
73,133
64,84
105,122
12,-106
-24,-29
-112,87
22,87
108,127
-66,-26
-39,77
66,130
85,143
-36,82
38,68
10,-31
-92,-42
-15,-88
-115,-26
31,28
91,79
70,-44
-11,31
47,-28
33,74
112,138
-91,38
-9,77
63,-47
-78,-23
-92,79
73,146
40,-31
-131,87
89,90
88,131
-41,-20
-55,82
19,31
-141,42
-124,-18
-23,34
-78,98
-37,136
68,152
21,77
-34,141
12,28
-43,92
-76,-85
77,157
42,-93
-27,36
102,-79
74,88
-55,-26
51,104
-97,-23
-111,42
-32,106
-20,-69
81,-17
26,47
-21,-28
-1,-15
39,-14
-16,50
-63,-25
-46,144
47,106
88,144
0,31
27,-132
13,-30
-37,149
16,-25
-125,36
-12,-87
-67,-23
-53,-125
-7,-9
-96,-81
23,-130
-46,36
-69,52
30,-6
-72,-17
7,47
-40,-65
-16,63
-49,115
4,-22
-96,40
78,-73
83,42
14,-58
-74,58
60,58
-47,-68
71,-76
16,-12
-84,50
-53,117
29,-73
48,-60
-7,4
-95,120
20,107
-19,115
22,-113
27,2
25,-71
71,45
-70,69
16,109
-12,47
29,48
-26,112
-59,-65
-40,-52
106,2
-68,-114
-96,53
69,120
17,-70
25,50
44,63
-3,-49
-86,-47
15,5
64,126
-24,13
22,-100
-47,66
-80,118
99,120
-8,-6
84,-3
-26,125
-13,64
73,67
59,-60
18,-98
-10,69
-62,-121
105,56
17,-57
110,134
-52,72
77,-43
-107,136
-85,-105
94,126
80,-38
66,64
85,77
-22,-49
-3,-36
-17,66
-50,118
84,118
-4,5
-59,69
-18,70
54,-54
-6,80
-55,-105
-9,11
24,-41
-64,75
-78,-89
-87,91
21,-110
40,-97
-15,-33
-43,134
-62,-108
-117,-44
3,21
-44,-91
-99,-27
61,-38
-94,88
65,81
-83,-46
-31,144
-64,-33
101,34
-32,148
-51,-94
-106,-30
-120,35
-48,-89
58,78
77,91
-90,-86
28,-94
-124,37
82,142
-37,-38
39,-80
-16,-16
-90,35
-104,137
-104,-92
-46,-151
-41,-73
-110,93
-36,42
5,43
60,-21
65,94
-42,-32
-37,83
68,99
16,-91
-84,-29
35,-78
-139,35
-120,48
81,38
-67,-89
-21,27
-49,-72
-30,-22
-118,94
116,32
61,96
28,-81
69,-80
-74,-129
79,150
-143,37
13,25
-56,-75
49,-22
-72,-83
-12,-32
-48,45
-81,-132
20,-80
-90,48
88,91
-19,-72
-42,-19
44,-16
-56,46
-97,45
-70,-118
2,-13
76,-64
81,51
67,153
-81,-11
-95,54
39,54
92,-83
23,46
56,-6
96,36
-88,-14
-121,38
27,-64
-89,-10
-26,46
53,110
-54,-16
-95,-54
6,-1
6,-2
97,116
23,-62
64,-61
69,54
14,118
-38,-72
-93,-8
-19,-59
-28,121
-72,51
57,-64
29,-126
-26,-62
-54,105
20,54
18,-56
4,46
-79,48
-38,49
36,-1
96,49
-61,65
25,105
11,-59
71,-8
24,-120
-31,-56
84,-69
29,-5
15,60
87,-64
59,103
-82,127
78,116
-10,3
-65,67
91,55
27,70
66,-2
66,-1
-89,124
71,113
-17,0
24,1
-105,116
84,52
29,116
-64,-112
15,-48
-73,68
1,17
59,-5
-38,62
-19,75
-3,19
-91,-94
15,73
-13,11
59,116
-82,140
-115,-37
86,-47
17,119
-112,-32
89,-42
-11,20
52,76
-36,-37
-50,65
63,-58
-4,-48
82,-45
1,30
-115,84
-48,-155
108,129
-39,79
79,71
-110,-94
-15,-86
26,-85
75,73
80,151
47,-26
52,89
19,-88
-36,-24
79,-37
-124,92
-83,-99
-78,-21
-92,81
73,148
26,36
-48,-142
-2,-26
-131,89
-16,39
37,-98
-63,-36
-99,41
0,20
-88,-93
-23,36
-78,100
82,89
-51,-26
35,-23
-20,41
26,-72
12,30
-44,98
9,-39
-41,103
74,90
-69,41
-83,143
51,106
-97,-21
-56,-20
-32,108
-20,-67
-53,-15
81,-15
26,49
34,-90
-21,-26
-109,90
-35,39
-16,52
-118,41
102,44
47,108
88,146
27,-130
30,-125
16,-23
90,-74
76,-9
62,93
95,41
-53,-123
-7,-7
-44,111
83,152
-46,38
50,-25
83,-77
-33,-23
-47,42
-143,105
-61,-122
30,-4
-54,39
92,93
-49,-112
-96,42
-82,-60
27,-117
25,39
-75,101
-75,-128
16,-10
-86,-58
-100,44
48,-58
-95,122
-54,-69
78,50
50,-12
-79,103
36,53
25,-69
-108,45
66,-68
-26,114
48,63
18,-109
-98,-55
55,-42
-6,-52
-22,-60
57,4
-50,-122
-86,-45
15,7
106,125
73,-52
-8,-4
76,138
-105,63
73,69
-10,71
31,72
17,-55
110,136
77,-41
85,79
-3,-34
38,4
-31,133
-83,-57
84,120
-4,7
-18,72
-51,-105
54,-52
73,-39
-48,-100
-98,79
121,123
-27,-41
24,-39
-64,77
82,131
-78,-87
-73,28
-32,29
-87,93
-62,-106
-112,36
3,23
-85,-90
-44,-89
-94,90
93,-84
-50,133
-64,-31
32,-94
-92,136
109,126
-32,150
-51,-92
-106,-28
-34,77
-120,37
12,-36
58,80
-90,-84
89,147
-140,95
9,-105
47,-79
-141,99
93,37
-14,-89
46,-38
65,-25
-56,-86
-106,93
21,-95
-34,-31
-148,96
53,86
-90,37
-16,-14
-30,88
89,39
75,141
-104,139
-118,-25
42,-36
-132,40
-46,-149
-23,-17
-84,-27
35,-76
-139,37
81,40
-81,-22
53,-22
-123,-19
-118,96
-74,-127
-143,39
27,-75
51,53
-75,-86
-51,42
35,45
-12,-30
-81,99
-81,-130
-90,50
56,104
-63,-76
-46,93
83,-22
-93,-19
-19,-70
-33,32
96,-83
-14,45
-75,35
-130,99
-56,48
99,-78
16,-76
-84,-14
-70,-116
48,105
67,155
-26,-73
34,-22
-35,107
39,56
96,38
27,-62
25,94
-116,118
-84,107
90,-6
62,161
-26,48
-13,-13
-68,51
6,0
20,-65
92,40
97,118
-10,-8
64,-59
14,120
8,46
-47,110
-75,48
-89,113
2,2
43,3
84,41
-86,118
-86,-111
-45,-110
29,-124
-54,107
20,56
4,48
23,61
64,62
17,-13
-24,-51
36,0
-93,115
96,51
-61,67
71,-6
-3,8
-50,-67
76,72
-31,-54
24,-118
43,-105
-59,-116
87,-62
-82,129
-10,5
-65,69
64,-46
91,57
17,-121
-47,123
27,72
94,62
-39,-53
66,0
71,115
-103,-38
-105,118
-31,67
98,-48
-64,-110
-119,-46
15,-46
-15,11
18,-41
-29,113
105,113
-93,128
-85,-48
-66,-35
-6,16
-22,8
-3,21
38,59
-91,137
24,-105
-92,-51
-18,-102
-115,-35
12,6
86,-45
17,121
-57,-94
-112,-30
-44,-155
47,-37
-22,-100
-36,-35
63,-56
-73,83
73,137
-20,-91
-106,-94
-15,24
86,76
-1,-37
-11,-86
-58,68
-66,-22
-140,29
-22,21
-55,73
-36,86
74,-42
-110,-92
-69,-91
51,-26
82,78
-120,92
-148,30
-16,-80
-145,35
-85,86
52,91
-55,-35
-69,30
-124,94
-83,-97
-97,-32
63,-43
-84,-93
21,-40
7,25
-134,86
26,38
-81,-88
-48,-140
-76,27
-131,91
-57,40
-16,41
89,94
-104,-35
-99,43
28,84
0,22
-78,102
82,91
16,-34
-51,-24
35,-21
-20,43
81,95
-7,-18
26,-70
-136,97
-148,43
-54,-93
-35,-80
37,25
-63,87
-44,100
9,-37
-83,145
-130,33
-111,46
-12,25
-48,102
26,51
67,89
81,-13
-21,-24
-109,92
-16,54
28,97
102,46
47,110
13,-26
32,-13
2,44
21,94
62,95
117,31
-53,-121
-81,46
-7,-5
23,-126
-41,118
-88,43
-47,44
-121,95
-61,-120
85,-66
-17,-77
48,52
-40,-61
20,-10
-35,54
-68,-123
18,-120
4,-18
-96,44
-82,-58
-19,-2
55,-53
27,114
-47,-64
25,41
-75,103
48,-56
106,114
18,1
-38,106
91,-9
8,-7
-47,57
94,-4
13,108
-8,-15
-94,-55
118,124
-91,-50
24,-63
29,52
103,1
18,-107
105,47
110,125
-19,11
-52,63
80,-47
-3,-45
-17,57
10,-106
-4,-4
106,127
45,-112
96,119
-112,-96
-55,-114
-105,65
43,-37
-86,78
-37,-60
-13,68
45,9
58,-52
-66,-88
61,-47
-94,79
-83,-55
-64,-42
-4,9
-92,125
-18,74
-51,-103
-87,-26
73,-37
12,-47
-57,82
-30,-44
-80,135
-58,-106
88,-52
-22,76
19,77
-69,-36
-64,79
82,133
-78,-85
-32,31
40,-93
-21,-103
58,-39
-30,77
-112,38
-118,-36
93,-82
-50,135
-83,-42
32,-92
49,77
-51,139
68,90
109,128
-125,-39
-106,-26
-20,-23
-120,39
-92,138
-48,144
26,93
-1,31
-2,31
-109,-95
-90,-82
-30,-31
14,-25
-127,36
-141,101
93,39
79,141
-14,-87
-69,-23
32,29
65,-23
-97,-85
-130,-33
-51,31
53,88
-21,-90
-30,90
-118,-23
42,-34
13,-92
-42,-28
44,-25
-56,37
-139,39
-53,42
76,-73
81,42
97,-14
-46,-26
-146,36
-60,39
-74,-125
-88,-23
27,-73
13,29
32,42
-125,95
-67,36
-26,37
-81,-128
-54,-25
20,-76
37,93
-46,95
83,-20
14,109
-33,34
41,-17
60,-4
-28,112
-47,-130
44,-12
-70,-114
48,107
-26,-71
34,-20
-35,109
18,-65
-77,112
-52,-124
60,117
-116,120
44,109
-108,-19
76,61
43,-116
29,-14
-81,114
92,42
97,120
64,-57
90,117
43,5
103,56
-86,-109
15,-57
20,58
106,61
-87,-105
-38,53
-93,117
-19,66
-61,69
25,109
99,58
-3,10
38,48
76,74
24,-116
43,-103
-40,128
-59,-114
-73,-49
-13,2
-82,131
-115,-46
-65,71
-57,-105
-47,125
-103,-36
-105,120
98,-46
-45,134
-64,-108
115,123
-119,-44
-18,8
1,21
73,126
-29,115
45,64
105,115
17,2
-38,66
58,3
22,80
-71,-111
-85,-46
-94,-95
52,-41
-36,75
-124,-38
10,-38
-73,-36
-32,-35
-115,-33
12,8
86,-43
-57,-92
70,-51
-11,24
80,142
-108,128
112,131
19,-97
-105,133
-83,-108
-106,137
-32,86
-106,-92
-20,-89
-120,-27
26,27
45,77
-44,-32
-140,31
-39,83
47,86
-41,-27
-55,75
19,24
-88,-102
-124,-25
82,80
-87,42
114,32
-62,72
26,-81
77,150
-85,88
-44,89
19,-84
-69,32
5,-19
51,97
-97,-30
21,-38
-67,78
-81,-86
86,91
-76,29
-2,-22
-131,93
-16,43
-63,-32
-44,-19
-58,83
-99,45
-46,137
-60,-27
0,24
-55,88
65,153
13,-37
63,80
-78,104
16,-32
90,-83
-20,45
-34,147
95,32
-7,-16
-54,-91
-90,-14
37,27
-44,102
-41,107
41,-83
46,32
-83,147
44,-78
-130,35
-72,-24
81,-11
-40,-72
34,-86
-35,43
-16,56
-49,-121
-151,97
28,99
-121,-24
-42,40
2,46
78,41
23,-124
69,-8
27,-5
113,35
11,-13
85,-64
30,0
-17,-75
-86,54
29,41
-26,105
48,54
84,-23
106,-5
92,97
18,-118
23,-3
17,-77
55,-51
99,-8
44,56
-56,118
43,60
15,-1
15,-2
-24,6
50,-8
91,-7
8,-5
-47,59
94,-2
94,-1
-80,-118
118,126
-70,75
-103,127
-91,-48
-103,-102
103,3
15,-110
18,-105
-82,-43
105,49
91,114
3,1
94,119
-85,-112
-25,-61
80,-45
-3,-43
-17,59
79,-4
-4,-2
59,54
12,-58
45,-110
77,71
-112,-94
-80,124
80,76
47,-101
33,1
-108,62
65,-47
68,-42
73,73
21,-117
45,11
58,-50
-31,137
-83,-53
-64,-40
-92,127
-18,76
-51,-101
-20,-34
-87,-24
-67,-109
-2,20
-1,20
-30,-42
-11,-29
-66,35
61,76
-58,-104
-27,-37
88,-50
-9,17
-45,94
-78,-83
49,-42
72,90
-76,-37
-21,-101
-57,-24
-99,-21
88,71
-110,86
13,-103
49,79
-51,-88
-34,81
-120,41
26,95
-2,33
70,138
-127,38
-141,103
19,92
93,41
-69,-21
-28,-20
-42,82
-83,81
-53,-77
81,152
53,90
-35,-23
-30,92
-118,-21
74,149
41,-28
-42,-26
32,-77
-130,90
90,93
2,-20
21,30
-53,44
76,-71
26,108
23,39
97,-12
-65,-74
-77,-128
-41,54
-74,-123
-102,44
13,31
35,49
76,50
-67,38
-100,90
-68,42
23,-69
64,-68
83,-18
69,47
14,111
-38,-79
41,-15
-47,101
44,-10
-111,116
2,-7
-26,-69
-35,111
39,60
106,50
92,-77
4,39
97,1
-52,-122
99,47
-116,122
-103,61
-84,111
43,-114
29,-12
-81,116
-40,117
6,4
18,58
78,109
64,-55
-47,114
25,-10
-75,52
66,-9
103,58
15,-55
106,63
-96,114
17,-9
-24,-47
-93,119
-19,68
-71,-122
75,-68
-61,71
66,112
25,111
99,60
-3,12
38,50
-31,-50
10,-49
84,-63
43,-101
-40,130
-13,4
18,71
-82,133
-15,-106
-115,-44
119,123
17,112
-80,-50
52,69
-89,130
19,-108
-105,122
100,2
45,66
64,79
52,-39
38,63
-36,77
-124,-36
46,-113
10,-36
49,-108
-117,125
86,-41
-11,26
75,66
19,-95
79,-44
-83,-106
-78,-28
-18,23
-20,-87
-120,-25
40,-36
114,142
-30,134
-85,-31
-44,-30
47,88
14,-89
-41,-25
-55,77
-141,37
-36,90
79,77
46,-100
51,-22
-78,93
-20,34
-120,96
-34,136
114,34
-48,-28
-62,74
12,23
-21,75
-76,-90
77,152
-44,-138
-55,-31
-69,34
51,99
-97,-28
-56,-27
68,39
-100,-97
86,93
-21,-33
39,-19
-16,45
-99,47
-132,99
-79,-38
-46,-90
-60,-25
14,-76
-28,-73
44,32
16,-30
90,-81
21,85
62,86
-53,-130
-7,-14
-136,101
-54,-89
-90,-12
37,29
-79,83
-41,109
-28,48
-70,51
90,40
-12,29
62,-22
-40,-70
-54,32
-35,45
37,-79
23,-14
83,37
-79,-25
36,-75
27,105
-121,-22
-28,-60
30,-119
-17,35
62,99
-72,-130
-81,50
34,37
20,102
78,43
23,107
-79,96
-52,-67
27,-3
25,-76
11,-11
85,-62
30,2
-40,-57
87,-16
106,-3
78,-65
69,115
-93,53
55,-49
96,-11
57,-3
43,62
-86,-52
15,0
-40,64
-95,128
-114,115
-101,54
73,-59
78,56
-24,8
91,-5
94,0
-108,51
76,131
-45,-159
-13,59
73,62
105,51
91,116
-43,-113
110,129
-71,54
-52,67
94,121
-85,-110
-25,-59
61,-56
85,72
24,62
-18,65
87,118
59,56
100,57
-24,21
17,59
-80,126
-6,75
80,78
-39,127
33,3
-108,64
-122,129
65,-45
109,-1
54,62
-87,86
109,-2
21,-115
40,-102
-15,-38
-52,80
24,75
-83,-51
-37,65
-78,27
-92,129
-32,143
-51,-99
35,-96
-106,-35
-34,70
-2,22
-11,-27
-58,-102
80,91
88,-48
-55,-97
-111,-29
49,-40
-32,35
21,-102
39,-85
-118,-32
-60,-91
74,138
-41,-78
-14,25
19,-27
5,38
-110,88
65,89
32,-88
-23,-24
-37,78
49,81
-125,-35
-20,-19
-34,83
-120,43
26,97
-5,-34
-141,105
-143,32
-83,83
-42,84
-84,87
-12,-37
-53,-75
81,154
-48,40
48,-23
53,92
-54,-34
20,-85
-35,-21
-30,94
-96,-31
41,-26
-14,38
46,89
-28,103
-130,92
90,95
-70,-123
-72,33
-53,46
76,-69
26,110
-54,87
-68,-77
-49,-64
23,41
-77,103
83,92
55,-7
27,-69
-56,-67
35,51
76,52
-100,92
48,-10
34,92
20,-72
-109,43
-142,95
-49,57
-65,49
64,-66
14,113
-107,52
96,-77
-28,116
-75,41
38,-82
-17,-18
29,98
-133,36
-35,113
59,-23
78,-10
23,54
-77,116
97,3
-38,44
-80,47
-116,124
-103,63
84,-74
-40,119
87,-69
6,6
-82,122
78,111
-29,-15
91,50
-107,65
27,65
66,-7
-89,119
84,47
103,60
15,-53
87,52
59,-10
18,-48
100,-9
-43,-58
-24,-45
-93,121
75,-66
94,-53
-6,9
-3,14
-91,-99
-31,-48
10,-47
-18,-109
-115,-42
-57,-101
80,133
-50,60
-23,-103
-18,12
1,25
-32,77
-20,-98
-120,-36
-43,-45
-2,-44
31,-96
22,84
-85,-42
-25,9
-66,-29
-22,14
-119,81
82,71
-32,-31
67,-52
-117,127
-131,-37
77,141
-145,28
-11,28
-44,-149
-99,-85
-41,-144
19,-93
-78,-26
-84,-100
73,143
-20,-85
7,18
40,-34
-81,-95
-48,-147
-131,84
47,90
-41,-23
-141,39
-78,95
-37,133
68,149
-20,36
114,36
-48,-26
-62,76
-21,77
26,-77
-148,36
-136,90
-90,-23
-44,93
-60,85
14,34
-127,95
102,-82
93,98
-111,39
-84,-87
-53,-20
81,-20
-21,-31
39,-17
-16,47
37,-90
-49,-130
97,-76
-132,101
-79,-36
0,28
41,29
13,-33
32,-20
90,-79
62,88
-67,-26
29,-89
-7,-12
-54,-87
37,31
-44,106
9,-31
-38,-143
41,-79